980
8696 20
35619 45104 44776 86267 17085 89554 3876 87902 38304 24855 77630 82092 78115 2284 82577 94634 66416 42488 5076 65791 
8384 20
29310 76168 27699 71023 79781 90223 84313 24067 67329 15212 84933 67804 45614 54344 4986 37923 69826 34713 81966 89482 
2297 17
32352 98491 19238 67018 61759 74118 54343 20451 72402 48161 5511 6718 42504 70960 26037 34902 44219 
2610 20
1382 65479 61304 49113 77032 48043 39325 89240 66708 4174 7820 74761 25060 53356 30494 52297 11071 10458 48745 71113 
8530 20
11503 81373 87719 5892 26138 53582 59089 88957 32631 2304 20859 16064 42760 19448 98024 99723 22968 96213 27044 82458 
8738 17
34438 20614 68221 1081 46844 42857 89237 2052 92795 33701 88550 485 69069 47390 10840 36519 41936 
6897 19
56907 95402 83304 28038 71074 14860 10856 3932 87937 54263 6564 43423 14925 48793 75602 16476 73295 54084 37550 
1864 14
30623 34568 78112 35086 80808 46864 18625 94551 54703 96511 52248 22717 43957 33943 
8728 19
71936 35203 33260 69082 65433 50050 87702 32405 56671 10134 74374 73194 74978 35881 72584 47730 18116 81479 15654 
53 11
19871 45897 2478 60488 1061 70968 67042 56156 61098 42293 27198 
9829 18
56041 83501 86822 88487 64120 77453 20136 75869 3990 21391 97558 32779 67231 1070 11205 47315 51779 70861 
7989 14
22925 6800 31099 46874 12877 34694 46347 25304 39418 86559 92114 95793 33147 4181 
8691 20
48126 46058 1012 33992 55052 80049 35565 87419 18437 15480 78477 20152 50247 78715 55714 29434 85175 15371 11153 59290 
4193 12
82470 16068 8596 51587 29869 52011 58278 97482 99564 34675 49397 24403 
2359 15
9508 55889 14067 60259 78319 30503 98686 63497 83803 19053 20678 28632 12451 52615 85810 
8149 10
16863 79950 87508 71560 59349 39297 11281 46288 42728 88199 
1760 10
5901 39132 49620 14830 22422 40929 58487 82880 46805 28953 
627 20
74570 6016 49106 41993 94802 39432 20137 76493 13907 46427 61874 92874 60226 60962 18989 17668 47618 75802 52170 38799 
5134 15
91032 93992 97031 41345 78271 77120 73307 68890 41570 6727 98153 79664 97582 10421 62796 
9092 14
27133 70866 56179 39395 52279 14736 59636 33002 43902 83350 4727 61446 50047 14305 
111 14
70445 1692 38153 55457 20320 15253 61427 1559 40466 79430 45472 8792 78382 97759 
6871 20
40071 599 47629 87851 67662 31515 12282 59306 42836 75548 36149 80127 74615 74736 16615 59246 66013 21581 39044 13601 
5771 19
86501 33122 1209 28069 24242 99914 72219 64988 59863 66534 3612 93974 75809 79899 54432 93188 49265 33987 61655 
6644 20
89990 62465 5281 47332 52990 87633 79918 60249 35676 34217 91504 2164 10816 32722 59710 43182 39066 67532 73905 34688 
2006 13
94498 96323 16873 36998 3964 20664 88446 79411 27157 42790 96719 75657 42447 
2882 12
16292 6626 34082 78934 24478 34255 48828 54090 7897 83698 130 65860 
5348 18
2519 30289 22038 37958 21795 43951 27669 16521 30371 60666 44592 63951 6144 42335 75228 92159 70428 9820 
8758 16
13373 66675 45583 57507 17985 18403 74958 51760 95727 5445 88026 60299 49244 24925 68057 36492 
8181 19
82963 39996 15098 76450 45999 80560 83126 49564 56979 34337 7259 52171 23141 74272 59532 29408 37489 56597 40430 
7791 18
23942 27113 54133 35109 83007 41427 75810 87331 49959 81321 87958 48237 26638 84014 32187 91641 81874 93181 
661 20
48941 87312 32402 83190 46618 77606 50977 25973 15297 26557 49350 31489 55860 41272 44823 15973 86001 9112 5110 66405 
7358 19
8226 41726 81897 46729 65508 65619 36550 63957 45114 59605 34271 81543 47834 46203 30585 67570 34122 51487 88944 
122 10
89613 22078 37843 98090 47800 78834 12344 70053 13385 55902 
7984 19
44930 27980 57104 6981 7690 38861 57279 91557 40900 55615 78896 88120 97991 96995 83098 98660 59248 60574 56008 
6754 12
48874 16462 73946 69574 57188 6136 64971 54195 47046 9716 60674 38055 
5804 17
94485 99751 90819 91571 51893 4467 68128 41712 8105 22763 48473 62136 8102 62289 5917 30618 34521 
5020 12
72364 56306 61717 28296 24078 84053 23908 97385 71679 34753 70976 11335 
7305 11
23444 89141 17735 27769 569 31000 71052 41276 95997 16103 80227 
416 17
27052 96196 71411 80870 58698 61397 57140 78548 10280 82929 19674 84065 97542 348 1508 34561 85782 
9855 20
60258 74200 83257 45533 55738 34698 84226 89198 14014 94033 64392 21342 79077 31629 2999 56073 18568 51479 24583 69233 
5339 19
74857 8649 63380 97317 93773 61805 72427 57668 56296 82022 11166 58639 40789 57166 68007 42866 21895 58878 12125 
1549 11
52239 47431 78457 39536 92602 36648 5245 52007 61854 98461 25013 
479 12
65438 31568 15780 13011 90023 95650 77731 9176 95716 4191 98692 15992 
1653 18
37098 38343 94606 23427 57035 29400 96842 94978 91818 93600 28095 28629 53375 28621 32573 13447 98634 85842 
3679 17
43919 30290 53944 77953 73279 33897 32628 49586 15648 91484 54193 20209 39446 8895 23169 73820 64846 
1349 19
28366 22375 94002 45850 11511 19353 74174 82237 75381 17539 56202 42110 32056 50069 8164 86640 63894 44508 75694 
1283 18
78912 89194 18163 45905 65797 29280 99157 21454 30634 38825 18667 43971 61184 34956 96458 87663 50561 9751 
6063 20
54575 67622 67848 78200 9552 95598 41516 96428 79788 1266 85987 48962 51504 36058 66962 28199 5828 91877 9218 50947 
1448 14
89811 53233 91418 45379 95566 14370 97191 46160 88725 92889 88507 45990 61385 52876 
4138 19
7028 92204 45568 17444 74424 68663 55497 97831 57207 16048 41421 45495 34073 96595 37046 67693 59332 57000 6958 
5023 19
71227 57179 42712 75447 32205 66078 8667 54788 85676 13803 72850 31201 82184 73933 50887 5825 90649 87136 44869 
2415 15
17257 74055 95638 94287 27490 83554 4557 80257 17962 42484 53402 36089 45738 86608 46548 
1737 18
11483 75184 75599 7055 24216 38352 41108 1912 35667 75169 18610 63090 10209 39513 96574 74518 28258 7610 
5263 17
73291 34601 15260 64389 38744 35600 83457 36344 21385 805 41725 37405 63602 32725 78398 27573 90365 
6338 18
99700 12190 60792 87196 95615 14542 90076 24605 84191 50679 68607 73241 28228 45550 97460 85867 3993 87956 
6636 15
42641 997 71874 5454 54092 97223 34089 1816 60066 95361 75695 47875 47982 88953 32592 
6202 14
35878 47571 3489 73534 70036 69527 37978 87037 92835 18657 81666 32439 26051 88430 
6979 19
89839 41474 32591 40294 57859 71799 71246 93347 41412 21211 30325 25493 15498 8991 43631 3425 18600 22906 76206 
399 12
5704 5660 36203 59660 55849 58319 86560 72616 44405 92949 16700 83483 
9566 10
52477 57624 65721 48216 76358 44518 60741 85657 3302 41865 
2737 19
1780 35484 13839 78710 64827 77444 89450 43703 40330 3905 46156 80130 33748 31512 9560 3325 25708 87118 78758 
8050 17
68239 93694 18693 42059 37194 39647 50751 70363 63540 12728 813 24179 36105 88971 63265 3975 78373 
752 17
30917 12133 28446 16350 55619 93744 18064 61302 70551 31700 72792 39254 94303 81483 26416 43031 91548 
1348 17
19371 53262 13098 39422 90465 58518 6111 27379 41574 65834 10838 56091 90943 73329 9142 55706 81953 
2394 19
47576 34607 94214 40639 96142 36757 83514 1998 63799 25967 43263 95029 73569 6758 20575 12871 36193 9796 29201 
1356 19
83283 52190 15920 73445 49706 77787 89796 40507 61543 74453 1718 98328 70779 66975 63860 57786 7850 74656 13975 
7021 16
8126 69638 66024 19902 71524 34954 71094 39880 15673 84776 65056 14586 93967 58903 78444 86633 
2863 9
58684 99870 11046 70638 855 51663 30562 19056 72313 
906 11
60103 51287 44052 11604 24241 36627 87150 2770 75208 73612 46263 
1800 12
62554 51532 24025 29997 39404 31341 97417 88329 62440 75484 37546 81760 
1559 13
48838 83093 90715 51878 52328 13735 44809 57844 91615 49428 21448 94008 32310 
4112 17
572 27645 65305 35584 7423 49884 67144 30218 88453 95395 72854 20577 8516 8967 68058 46917 13957 
4439 18
6785 40174 54368 72389 91600 10386 75771 75100 20796 39744 13903 11204 24579 65954 42593 99588 30114 9881 
7368 10
56298 83691 14375 91433 40763 15296 10925 11093 18208 67270 
4924 18
92541 59614 93078 48782 56151 13354 87012 66749 44645 21951 44115 66609 99110 59889 33792 71417 66797 6532 
3546 10
83879 46983 76616 55898 55536 92353 84271 46114 29226 46370 
6997 16
89931 98688 78792 5905 19589 40161 29304 15745 17992 87668 28159 789 87233 72751 15852 66150 
8283 17
21288 75797 34666 69572 52552 81890 94482 96375 29584 93762 84177 91275 77395 778 93624 75951 13885 
3124 14
99244 31431 99456 1683 57835 79809 42065 11593 4303 89360 88888 45851 24803 7441 
6772 13
95671 19919 86445 24112 75938 62509 23500 45113 88834 90050 95512 46842 68161 
1296 11
80466 19174 88340 88752 28937 9005 26826 95303 84642 45191 95991 
9918 10
63551 71772 47523 14457 27484 83949 61821 79933 49584 31825 
8795 18
47816 36151 89427 30617 31898 51607 7588 75616 72714 7515 35653 81608 33606 24629 34827 20115 11887 19282 
2044 20
29958 39554 69029 71861 27066 89068 25945 63471 64546 92294 79761 7230 69976 59429 90947 34336 2766 73699 63723 84863 
6313 12
93797 31659 43265 78987 82829 28797 67578 11942 40845 71033 55835 87162 
6953 16
4460 44169 71259 13413 40597 2391 45821 54548 6931 67642 46259 29728 66523 84887 52169 46501 
5853 17
45690 74745 69503 15189 86337 95766 35992 74376 46472 40237 98161 7334 52055 26098 78738 71022 51319 
220 18
80199 58268 37332 69313 53737 15813 42679 16920 19587 51537 17440 92984 90127 48577 79410 27476 33342 18369 
115 10
76397 58775 15264 96238 44635 99249 50746 55235 5443 60419 
9027 14
80014 57018 65839 672 33279 66363 7339 7881 32154 87363 96865 58873 65327 16771 
2919 18
66105 2194 92778 54171 36953 45296 26334 37464 81202 22402 832 36354 22673 86866 41339 35907 43217 43173 
2143 12
15678 17145 18889 34395 67372 79592 87144 21511 28330 86761 98833 21501 
6253 18
51545 43682 10342 66108 98355 77863 34810 71436 51490 43797 83025 25956 9713 56995 98882 51496 1822 96307 
8505 19
51950 91543 75626 82264 70781 63958 99498 40259 80284 10869 86182 35399 62215 4848 44883 68405 68816 53693 64527 
9316 16
5807 70147 99852 47309 82906 37623 47249 75727 83085 33100 43322 78016 42636 19434 85069 23358 
462 15
11995 88288 65678 36094 36722 92412 12322 82077 31505 72407 29109 84319 76817 73681 45164 
2097 16
71974 13950 4479 36914 56512 59220 99396 58614 95184 70408 55915 30639 19472 72902 35119 84576 
1427 11
16915 98986 40047 8827 56741 82504 7576 36020 86916 75006 87619 
8109 12
66840 10811 75268 5407 34450 42969 31540 23360 42782 59017 36052 52339 
7104 18
6640 86511 88759 92978 52594 14464 11303 87687 54403 2984 50761 80549 31313 13281 61556 72320 71194 26014 
9100 15
40503 79050 41747 67500 72373 1905 11852 53450 58793 26345 14179 24333 48829 6610 28665 
4717 19
56201 65413 2654 29078 36568 51880 3319 86264 68665 67252 43891 61195 61563 81351 28190 26828 49956 12998 79767 
5851 20
8445 79965 3982 23556 21720 87530 56563 30381 12513 17291 95728 45502 85653 3163 21555 35601 99002 21719 50129 16980 
5912 16
58401 15943 77245 7871 88435 63121 99381 14229 56772 17694 36075 35156 13665 55233 96622 4145 
7308 16
10896 21713 75913 48460 67249 11678 56598 78871 24598 24479 38808 97823 29482 31752 54440 40867 
3216 11
81216 74598 74588 70762 20333 21563 14944 79179 9436 72361 66583 
5569 12
64850 34230 84254 59384 3796 62797 42224 9565 17805 83966 1429 49204 
7175 12
66907 75263 28784 39305 23413 28230 17709 96386 68888 4082 14897 55577 
9985 19
5474 86708 18118 352 81477 35989 4521 95315 81469 46976 43277 39791 57997 13262 94829 27065 44342 31641 71651 
1351 11
89302 21165 47154 31055 36187 28930 19843 91501 59813 2942 36129 
4637 19
63609 28299 26142 46712 95262 16353 59528 50684 78679 72198 48895 36055 96659 67409 54237 89342 58115 89102 20123 
9218 11
71906 23172 41448 8590 70639 27311 24201 68963 35538 89612 50339 
2541 18
23352 96147 57554 79040 25662 73929 12444 32094 41831 12038 54239 98796 43459 29965 19302 59039 14967 5197 
7956 16
23650 83790 34990 86621 25103 2365 19498 11082 59305 43098 99270 76310 39793 8361 89710 91358 
6760 18
58782 18940 39307 55649 84077 77028 92406 62767 98616 10514 85057 950 1126 76560 44692 65570 55458 52244 
5002 11
31469 26815 79017 56284 79583 4951 10707 62072 18834 62394 74901 
3091 13
90370 33403 33875 78266 8607 29249 64373 30466 11278 50612 37800 86977 57247 
7038 15
61179 99644 64379 87874 80352 22970 34793 74706 3068 11272 45102 70019 43484 16268 19777 
8981 10
73258 36381 15079 52999 53912 87611 11981 89217 68881 92873 
9948 13
4624 24599 90758 23869 74943 15301 10231 7578 78907 83858 60007 44866 55894 
1195 13
9331 14934 67451 34 58034 12925 16525 81708 60713 65784 61163 99673 79555 
7285 12
40018 63576 89313 26738 11089 73564 5389 69891 83724 81492 65547 24772 
8449 14
14558 20646 45138 28274 80146 39740 8130 1067 63841 79160 6551 88496 150 18333 
350 11
16689 4757 28363 2565 10810 43238 77936 8204 39345 55647 34408 
7407 17
71967 84012 19051 99915 65910 88573 17054 56070 58136 75113 18397 5091 72956 90246 64217 46170 41471 
3548 11
40089 7620 43615 85798 98495 18494 15037 49240 69461 72581 62046 
917 10
97211 85545 29121 38274 99771 3449 59516 44084 33126 60729 
6115 19
63877 83165 74708 46716 63246 1292 68866 8724 77082 28690 31377 25374 87223 30659 20120 15175 37543 61183 7852 
561 17
96955 95256 53763 74585 62468 97761 8806 97800 8987 99897 85188 81332 72772 51002 51720 25871 58923 
2901 19
21422 6452 19814 20707 25691 32616 55482 94766 67673 12040 88634 58807 13741 34002 32970 85111 16397 71126 55760 
3993 15
47019 56292 58199 92861 21837 89549 63237 57768 4313 22861 80554 60365 50285 90129 43520 
7010 13
3374 50049 76342 73618 32844 36326 84419 76992 6527 88013 33506 7866 9494 
29 18
93750 80532 77682 66311 68449 12708 33042 69361 80009 55674 33336 68691 77350 99675 97733 50056 23600 69534 
1668 19
80410 44718 9362 36335 24030 55783 58743 88494 67446 45921 46296 40392 71723 97548 21420 77215 17657 54122 77181 
6960 14
6247 71899 54459 19748 10844 72698 99689 50433 14405 67911 82588 69862 36781 61486 
9294 19
42080 72711 16973 96726 23597 68640 97076 42870 89243 7009 57516 37909 747 37479 48181 54341 87581 33522 57295 
1476 17
47921 36162 67602 57158 72019 80283 96318 81097 86219 75901 67690 71712 97603 1961 97715 19419 62389 
4386 20
55589 76411 81146 63486 27770 25605 55159 51559 8144 74910 53983 20278 58984 1441 41768 41057 51286 70149 2757 50686 
5857 16
6504 40680 22716 72811 85184 94779 99699 7444 67607 86694 44471 65193 25390 58643 76320 32808 
141 9
61373 52135 42032 33554 84401 11061 1616 27534 21027 
8260 13
8391 43255 81941 63560 47005 35133 92119 2337 83122 75316 3518 59725 87805 
3525 19
60690 22992 53202 39839 33222 88124 26248 28338 90138 4701 9648 72796 5122 89782 54655 97816 80204 11729 99793 
5390 20
1629 26973 91957 41659 46059 96555 76674 98409 37734 9937 80485 5053 65140 61675 83944 32506 75021 41223 6763 41258 
2977 13
55942 3911 26975 15505 5806 59016 22277 93384 51874 12353 17198 1255 2309 
3277 18
23432 19826 67204 68496 60395 39549 39314 30216 39191 18635 96648 94314 4816 32672 13431 18984 15674 29145 
4330 11
96715 71274 72368 96206 60050 2290 80442 97836 87042 6287 52496 
5555 16
43114 41617 26780 15588 5128 48511 40617 72557 77368 44824 52666 43089 53231 21604 3773 88406 
2786 14
37310 15562 29626 88803 99560 10714 7537 53376 38790 72419 55427 25368 27246 34993 
820 18
17999 52153 81969 83119 30251 60338 20672 8452 54419 97361 27479 82097 26664 9376 44633 86250 44370 66360 
2017 17
20243 5622 94563 97604 74179 75426 76967 3036 29367 17264 23740 62087 67785 57327 59125 8443 14595 
5532 16
77124 9624 58431 75618 36759 45150 76154 64219 20449 84803 81458 4594 70554 56444 8841 99553 
3720 15
39381 46806 19264 60814 32015 63846 94835 35343 11291 84943 31747 47043 85826 73304 41114 
4535 18
77091 28322 69520 66425 25667 36600 7516 58582 4879 96236 81877 60973 23752 57008 17603 59703 30949 28816 
6054 9
4824 58795 69265 4114 19734 63110 15284 52082 61539 
5789 17
54566 87405 50132 13429 62416 347 78124 30447 69491 15119 16737 31614 89758 61402 34964 5401 97026 
3483 19
90279 42098 11010 87119 51336 82304 72828 94901 909 87024 94004 37523 30642 18848 91934 88637 38455 69536 1098 
4284 18
20698 72299 37144 79590 23103 39219 74488 33387 94524 79501 99442 4492 84059 55489 91306 76024 95026 40266 
6229 10
76302 75827 28422 81657 24198 14751 61540 8106 10817 17584 
7293 15
12574 14667 70986 49312 39981 51647 3704 36429 49885 78972 14763 57054 73884 13465 44087 
5345 19
860 89116 97852 15602 94530 98257 32964 24450 62392 72349 11138 17624 31374 36536 95436 90912 13629 30131 56301 
8648 15
33752 80463 5890 5663 61228 31855 85459 81295 22446 92903 41666 55376 40446 25704 15391 
9486 17
77993 25214 29781 88324 29916 88042 144 96171 85828 42294 1142 3667 13021 47863 25217 50136 81616 
2075 18
24782 49072 84055 68423 92693 1448 18433 18122 39879 70852 86288 50393 41424 99139 69430 39111 4859 38228 
2504 15
449 22770 34013 53082 33155 70525 86931 83227 56410 7223 95592 370 67989 48916 24035 
6915 11
65488 39955 36036 74797 94434 5398 42644 29988 85197 71522 85422 
7555 11
80645 59433 9913 34991 98853 49271 33388 28735 93960 62262 31057 
9061 10
97758 6623 14719 47228 34454 40717 6237 97493 42091 36314 
2510 12
20151 88952 51299 410 90510 94567 68356 58544 39652 58393 19813 70989 
5810 13
78145 7993 28584 21603 78493 86804 63360 61998 92677 51085 74309 74884 81225 
8056 13
31110 63827 35890 3561 75487 45770 24457 19817 87430 34361 17128 96476 28167 
6235 20
54675 98310 2510 89751 51514 33564 21213 14188 78483 27975 20599 23126 10813 67868 16201 74048 89434 85956 44347 43368 
9647 19
6639 93830 20992 36874 77077 22523 36307 29392 69201 25354 15121 35547 14951 3723 46419 25514 24037 95318 47109 
1659 14
6279 53843 75181 66551 60276 19804 50300 56181 17025 42808 55938 76475 35568 43695 
4556 18
32157 40510 57800 36222 87866 37414 43049 15115 45034 972 64985 74165 54089 33926 76785 91644 64604 56560 
7438 20
92491 76815 43162 1137 35463 42865 51686 50938 85581 86426 68645 50115 74677 29776 82920 7093 59314 89848 39760 60101 
8518 11
85977 38231 56852 92374 41806 36836 11461 22438 97315 1534 48724 
2590 18
59603 58315 54953 97615 34053 70859 83513 78111 45635 37688 5742 48875 24522 45069 66541 90452 42927 81087 
1307 18
46815 23465 40496 72959 33850 60016 52535 1529 77218 75297 48817 37105 24787 54991 76167 82495 30185 86902 
8178 10
9401 81080 40436 45833 4923 53621 40020 50605 50677 96730 
8677 19
59762 61954 69066 98603 36527 63444 84362 95939 27075 87787 86212 5765 75934 11813 57476 65537 70719 55736 54100 
6386 10
11094 19711 2109 49757 67054 59511 71764 17594 22813 9874 
7494 12
623 10857 41288 10663 79302 90878 36353 70468 51017 76735 4463 85508 
7995 16
76518 7514 78404 25285 19974 95027 30852 72285 28990 47295 5768 64041 55364 74621 38128 96627 
2137 19
70379 37854 56949 23621 64790 14704 4572 44632 36726 75376 26245 46404 93795 56775 24477 75016 88626 23019 70737 
3726 12
25619 60925 84645 4363 64035 32226 36631 28561 19778 85115 64529 98339 
5604 20
88745 9206 98615 83808 9978 26363 26512 42354 3229 21085 83291 89538 19539 63689 63423 74267 60539 98019 95456 75707 
8931 20
44975 73422 46470 5681 56908 78860 19568 95780 30542 85129 9389 68618 14462 48430 99045 14270 73278 51296 64479 79669 
9460 13
2404 22338 72555 66906 87693 87181 10043 94677 3868 19632 60724 27752 43007 
5510 14
66083 80974 15448 35068 45455 23029 61620 49426 63147 67104 69642 78494 77436 64469 
3868 16
88866 35657 15235 78867 15483 8246 20585 93556 71860 77797 48204 36551 14853 79373 45565 38492 
4506 14
46480 38358 68459 32001 63107 98349 69560 48250 39993 93152 7121 5368 88297 9268 
180 19
56086 52970 71005 98128 862 79716 3243 20863 72660 75870 84541 97815 53633 57753 65750 31588 87213 35394 54866 
6916 12
11809 72127 99970 50484 73880 52775 69602 41285 30454 70456 28824 1234 
2250 14
38008 10297 87671 68845 14779 46943 19243 52198 54812 3417 3737 95542 84817 70257 
2651 16
87520 7277 69343 6709 84919 33345 15485 51735 90615 34930 303 66504 87639 35995 98402 89695 
9564 16
39193 32607 38194 65091 4400 3879 47827 70424 56167 77329 94564 87438 92259 89514 36491 69604 
9751 17
30671 97787 77396 94983 86798 40731 68269 36902 6374 78043 81153 15698 12414 92385 68977 67431 16176 
6977 17
66128 32183 70449 71114 50143 34286 75975 32393 26326 17293 1942 99975 97203 16614 48057 70124 99006 
4631 19
80045 80217 9577 43970 49982 98260 49649 66446 52408 56132 15196 40434 85608 80023 74390 6866 489 12505 63708 
6779 17
96152 42236 97360 81514 80698 32041 23458 26920 17379 28854 55496 41851 47812 2282 47364 64426 24773 
7645 15
54916 5565 16202 10327 80297 74489 11713 51951 98631 91775 7549 33181 49720 38206 28757 
458 16
48823 30142 15900 31129 56783 97306 52949 43977 80536 16259 11323 50016 28423 128 45076 62355 
1397 18
17529 14265 45733 50055 83582 56640 1422 62582 13136 29597 11232 73566 80506 18788 92248 95221 66665 36689 
4618 15
5242 12430 78103 62124 44069 49356 18713 73190 39285 56330 63734 86718 97876 99623 95468 
9847 20
40102 53569 49572 25360 83320 76930 96190 11764 81346 98774 83562 67470 90236 51583 34886 42249 31148 86436 37905 85170 
156 11
13469 15885 65197 1251 54977 73296 20438 46885 42859 47307 36043 
4614 13
4248 59414 38614 92694 6797 80231 11040 96201 44479 89416 90052 32798 76366 
5551 20
2017 82686 16393 42531 49872 40140 25876 2528 46752 53504 96884 2612 12935 42489 29773 99068 69726 35382 61909 30948 
8390 20
70232 32568 42303 48266 60519 49743 87760 1030 90866 56049 52167 83316 17788 27709 65036 18962 9561 93150 90497 44742 
9291 19
61965 90997 18754 49163 67203 31620 98661 55315 21108 85620 77294 70367 28135 26874 18872 43178 28222 6043 66701 
693 15
30884 79029 18233 77061 24973 66704 34392 66038 32671 38587 84908 98204 39490 52967 70660 
2440 12
36019 32503 17250 95621 29022 52280 48961 273 51054 38466 44569 95859 
6079 16
81771 15659 16853 80276 77000 76709 22024 12844 26665 61223 97034 72673 49 49798 51612 10997 
7096 13
14081 74848 51471 3912 7263 56709 98137 59961 70558 21657 37822 74167 11788 
7259 16
28997 72463 70983 5724 14752 76191 32807 65832 25195 44513 28395 76989 40686 14943 40291 28376 
2276 15
16594 88880 49600 40974 53887 39529 60061 28198 83080 75298 80809 50057 59168 43859 22235 
8314 12
56962 8642 63791 26183 3608 2974 49592 15104 41770 68776 41045 13404 
4395 17
66605 93942 77725 91034 90725 91851 84928 93784 48010 82899 14023 68609 78663 12772 69050 97933 19596 
4457 15
89928 29127 89588 48851 90672 72070 43625 29944 10762 39188 52833 87383 13166 72866 74825 
5397 16
53613 46379 25888 53554 78555 3816 98963 53189 54150 71639 27789 5699 77282 94475 15078 73351 
9095 14
75822 3621 72812 18313 37934 86290 12473 93109 49484 14246 17192 86613 92928 20395 
1154 19
76263 89411 4517 21593 94666 38244 68390 82830 33886 87964 22384 93107 44725 33249 45281 78403 13341 36558 10939 
2848 14
31963 69102 58578 43702 98293 94845 33192 77165 28308 28054 65442 74347 83820 50366 
3318 13
76786 43084 69979 1598 61006 58059 15194 32281 86023 94732 45513 22250 80271 
3764 18
51167 85103 69583 56429 71135 95518 6181 86064 75741 60695 26712 89748 84960 69806 33508 6290 76664 4642 
4319 11
92950 88250 64662 24612 83203 61789 67521 5288 28815 31577 7365 
4252 19
73224 19213 86957 72729 62340 26067 73659 92372 73169 87121 48475 58654 6511 28200 41155 56397 69466 51077 34069 
5589 14
28172 30920 93461 16716 18607 63705 41680 8447 59911 7436 59009 68026 32515 99825 
7124 17
50099 54052 84187 80820 33815 95164 78852 15534 84791 15911 72194 63152 43774 47497 66112 76659 11559 
9108 14
67184 69876 97664 3767 2947 44442 42463 87785 10878 5784 14044 85237 45545 21047 
526 14
87714 67485 29292 2504 33586 16110 98157 9200 69570 54307 62761 16735 33981 1491 
1331 14
69820 69818 38127 59676 12924 25333 72124 53581 3541 86946 81015 31281 59974 82656 
3597 19
40462 30212 95110 43268 15572 44464 11413 10118 37962 76133 43181 26650 84345 90342 82493 12667 73670 55285 59146 
4813 19
53605 80961 33887 79227 94508 92336 33141 80938 1619 4381 44893 81110 48889 56513 40613 46409 61968 4925 70504 
733 19
74547 79180 92724 39705 55817 92955 86454 49094 67770 13284 65928 10133 76251 80266 83833 95415 66261 27665 5837 
2497 15
65230 17597 10644 80191 81091 90565 30941 41298 89009 2357 95546 66535 33888 86828 11387 
2998 17
3616 16572 31009 41318 13822 95424 71448 88364 26160 31381 12141 54540 42006 59790 14986 26729 87616 
7445 10
54006 15917 34472 19351 80365 80625 85554 84320 15716 33977 
3550 14
36462 62814 67059 38174 48062 59389 60417 30761 44797 74796 25997 9428 61815 77749 
6152 14
28053 5991 71306 14160 6747 94538 6315 3713 75597 71362 23049 16806 24180 33034 
7294 17
9222 87816 64804 14773 92094 74403 83381 24763 83796 14520 10973 23108 1412 79261 12787 55349 21556 
9686 18
12234 58585 1739 19857 67539 67202 98885 18898 4984 65300 92969 3052 66874 89718 91702 29417 65441 82545 
3586 13
57227 71835 69041 69328 44102 40780 7837 5869 43105 15365 86665 74127 66498 
5966 15
49097 54755 19845 83074 13419 31161 68638 84774 24337 37855 87237 52220 27856 71086 32717 
6957 14
41944 72670 69907 32686 23121 89883 94880 8280 35443 97950 4446 93239 16211 51669 
9203 11
24592 81842 27088 71731 83264 8470 38458 6905 8113 67814 91060 
165 17
77458 56855 28355 37089 6338 82111 76135 81958 78600 57068 71402 78531 77356 91426 33518 88798 29967 
1970 11
30317 80411 49785 13325 60718 92429 35806 71777 60864 22341 17137 
5172 19
51447 57499 78612 70466 52269 6742 17102 52564 57587 40985 22553 863 71104 45727 8430 24432 67828 5955 32583 
72 19
78903 86298 89314 46450 48253 91093 11162 4881 4102 54942 91784 59615 12452 17698 60433 38635 16099 63639 52737 
4496 12
65932 51627 92646 61278 53580 54582 15628 93963 95947 86869 2210 94856 
3719 16
98025 81004 47367 34807 37449 80832 26483 7953 41713 74216 89283 90708 38987 23489 97039 94938 
5805 13
750 60441 10948 44922 26733 42579 11382 89107 38167 17515 42416 17082 70432 
6446 19
26401 97353 66792 68545 68205 46530 53448 69144 69387 36923 35735 27618 83774 98393 35871 99013 78839 10142 58291 
322 13
37233 86071 22915 26229 52127 65870 72500 6746 11553 24630 98762 96607 47789 
868 19
24532 71352 20414 52243 47902 44131 17941 98580 50525 50252 89428 42156 55200 38056 4267 19436 48775 26508 4022 
4037 15
14868 98773 10238 57868 36940 47427 81436 84441 54646 25943 37484 15345 90516 79528 56820 
4194 13
40861 16943 13128 73906 53815 56177 77193 66263 54420 21300 23520 7184 19288 
8582 14
95124 26310 31680 60342 49047 36499 73331 83989 41460 90971 78272 56004 91550 36362 
787 15
93804 28454 28770 56648 68117 26830 58404 22951 18196 14260 39007 87547 65673 28862 44816 
3907 10
14146 45631 92245 99279 42943 34950 58981 27219 33825 39237 
8098 12
20487 52912 86941 35499 83543 6241 32178 78523 48510 45918 7982 98316 
5357 15
30926 28226 86311 61566 49688 23666 61616 69433 2897 29070 41159 14299 41964 15395 86499 
7801 14
92511 74929 34242 64579 8998 53143 52343 42360 9805 66911 64401 67131 5417 46320 
8177 19
86465 62193 37076 18057 27778 61129 12332 45970 34772 72882 12082 15824 87722 47292 19949 68303 41349 30779 42461 
9733 15
39173 58005 38374 90923 55543 58337 16989 55530 14939 77857 25678 52738 73503 46377 4715 
7658 13
8891 20970 40645 25826 48988 6353 16453 55638 62112 25900 47815 31242 82620 
9761 10
91084 54689 97918 97684 74259 28058 91986 61586 3750 55044 
2738 9
60345 99070 51020 79375 85669 11467 29926 80013 87867 
3267 16
31347 19951 74437 21116 39327 74502 6432 54747 30344 37906 61801 32751 16456 31974 91120 34595 
3919 11
90734 1184 21917 40245 66590 94347 4461 89941 15819 56056 69802 
6493 10
18975 82563 75107 88148 56683 17080 80393 92547 95151 24233 
7424 16
80275 96478 99679 21074 79582 32507 99761 32975 35913 93336 68365 40705 37115 66877 58581 31399 
417 19
1989 6910 94957 53611 54617 35858 275 15324 96586 66048 10368 99685 93582 60189 47041 23860 42052 67351 95889 
3552 16
43720 31819 89918 68779 4127 85967 42 12167 69434 15879 53591 77022 64890 46670 39157 58989 
6966 11
5047 31074 38473 94353 15390 19073 60597 16670 60828 910 90600 
5426 16
72585 5925 19950 48107 28081 75702 80817 89167 72459 51907 8856 68419 55517 80783 45328 94840 
9096 12
22767 38478 95825 41134 37455 83646 37806 56082 30748 85824 91376 35543 
9775 17
77110 63160 77427 96993 79094 63112 74620 61448 40064 94834 58834 4152 7553 65172 75873 51106 10071 
1488 13
24347 5672 94462 22695 39288 94939 1762 80258 33891 32887 97224 14619 37975 
4473 19
42415 4317 53865 73746 26005 6122 81713 50259 71325 49167 23389 95684 43064 18569 91984 51623 80782 50710 77021 
4951 19
60464 83976 54317 96872 60946 17168 17051 47056 80866 4648 94786 99435 84586 28703 9077 81802 97325 58531 79988 
5561 18
78902 86943 89336 22333 83556 56036 45745 16694 95691 22956 46088 19769 60024 62957 63862 77839 88233 66602 
9081 15
8893 82682 3001 1161 31591 86117 34619 93266 71966 55774 27930 51304 56624 36605 37630 
242 17
20744 36153 189 19002 23468 395 70018 45438 43269 89742 48235 10942 17280 86949 78106 10820 98978 
490 12
88188 10519 60348 30696 39605 97000 5411 44257 737 53040 24207 104 
3593 14
47659 34994 54417 67321 86790 43069 4356 93767 97806 43298 25849 98014 63730 56321 
8222 11
40631 56920 89187 98195 45179 96763 80975 52797 63316 5394 32921 
9200 16
95783 40998 49335 23736 5786 75076 72874 94798 90870 81025 59635 15517 8628 13319 23611 21877 
1596 15
79620 43430 75356 60540 25014 30880 29111 76098 99733 15116 66979 11141 5745 19531 2125 
3568 15
57089 38570 66803 1417 31134 3120 9324 37582 34112 5430 38169 20511 15600 40438 99956 
4154 13
2105 3619 50924 26091 32941 51548 816 66068 1117 59035 63752 35994 89968 
5202 18
18250 60356 31782 86155 19273 21096 65496 84690 58369 62898 97824 34541 24818 87187 84619 58381 70761 15311 
832 18
86392 98497 29746 26078 76482 42719 3870 4567 54441 4118 53142 17213 12923 1489 44419 85275 75680 29059 
1420 19
76512 27803 26410 18028 72371 28783 88102 74425 89894 20791 11526 24206 24401 46426 80524 39276 82035 1597 84686 
7729 18
24647 28235 31058 43920 4197 6685 15638 80885 25440 16001 86053 5343 54159 31033 72099 89627 15641 74182 
7442 13
43972 88066 83475 51910 88608 2411 75666 7033 95694 18588 31144 60742 84007 
9002 19
62316 12124 91892 52024 13716 74681 58943 86336 39863 99659 57226 2591 14234 49905 77985 31122 42901 16782 34020 
9548 12
5328 33079 12593 79741 42365 49282 76966 2920 87321 90100 50610 65341 
9616 10
86840 17570 99815 1364 75156 7556 16417 41559 78190 26504 
694 11
58055 57748 50489 56320 42094 55401 49859 62376 44731 76704 2487 
9960 12
54985 19578 87648 72481 90539 10159 62212 81485 72726 6102 51956 64334 
2973 18
34945 69762 98433 33853 14497 14362 37616 34494 48717 25017 78862 12163 33642 99807 18578 27393 61101 75883 
7143 13
45165 61091 34953 71568 81037 20580 33208 90787 82181 55892 4712 46194 35678 
7666 18
57985 59732 69744 10829 83744 71368 43543 72848 62577 23158 64442 4587 74893 67198 35764 12676 6528 7657 
8388 15
7524 92996 60592 57484 65980 93028 47698 73436 5630 93683 25618 40309 693 70556 97776 
9315 10
13578 57019 96890 45363 66798 2485 915 6 85557 32713 
9629 17
76914 33547 63036 87028 69054 51633 13258 29531 18160 50041 56195 88717 60819 1721 30591 37812 8705 
381 16
83622 64923 41769 26995 75098 86835 13349 8747 17315 7 2754 40665 97925 23543 3837 78218 
1504 19
89495 53279 27272 73289 60114 6788 33029 48312 55493 5201 87612 81801 76629 36228 10783 25159 95023 12996 39026 
1984 9
41551 29613 12902 33464 33105 92038 32744 60456 80178 
2119 15
95209 45675 12283 84550 27592 88212 23288 40627 39745 4940 76818 93238 34485 10162 59456 
4072 13
49199 82737 24964 82192 45975 79313 66899 40813 72640 79547 20232 68899 27998 
5423 18
28551 31739 46430 95207 35455 68353 1409 9815 55156 1773 50200 16272 94963 49455 70050 8351 21946 59012 
2881 10
13893 25536 80716 5967 17468 76033 43130 90360 92110 20498 
4397 18
58227 62566 70596 57816 78149 766 26663 18659 1045 63839 88370 10042 47282 61075 41856 22832 5263 27853 
5388 7
31625 29262 22454 16596 47577 68884 6239 
6485 16
76283 21521 11795 11652 97158 49367 26082 99457 32274 85135 67793 86061 81129 95339 11608 67371 
6792 13
29429 7163 71996 28459 74662 5277 3160 52189 2690 37289 56258 60785 17248 
7974 13
59320 26314 27448 26355 45484 36882 71379 76647 20571 74034 46166 46572 88310 
8093 18
89863 53286 34533 70998 84931 1934 15847 3141 17236 5675 11320 97945 22993 46747 93112 39976 35669 18541 
69 12
61389 68154 51531 84681 24952 65739 92147 5808 11810 61912 52387 35067 
918 13
26806 50606 76152 48558 86026 49856 3345 26656 12247 92080 51025 50540 67123 
1948 15
51547 21221 44912 85158 90682 44627 62011 21302 39560 47299 87494 27621 80843 99273 55184 
2664 19
52093 54995 84514 69525 70202 65434 57718 47150 73448 47589 80596 57976 96111 31295 73485 91693 60287 30059 39531 
5437 16
58359 29133 84137 62156 75118 39244 63416 40517 90727 10326 36537 70941 99313 46209 49865 37541 
9017 13
91709 14022 5712 19329 60058 26768 60619 43329 91072 80430 42812 65630 95557 
599 19
65840 77874 84613 56373 86730 12746 11155 89722 2772 70241 78333 95277 91700 23800 20019 25834 77534 87674 87928 
2722 13
22626 30535 63545 91360 58239 98911 75712 85352 91586 2495 75932 68648 63596 
3729 11
2650 91787 95081 15581 83971 25485 92769 62809 52186 11564 45274 
5513 16
92024 56844 71501 87634 44137 68500 87175 49374 65210 58261 4574 75099 3443 85906 53280 39013 
5607 17
87884 13976 52916 40859 1577 47916 93808 59715 1237 35592 99744 66512 1411 49891 2953 25977 86135 
6464 18
78557 73781 58880 71231 73743 49221 42483 37271 70117 7568 84763 66338 51166 88610 42093 7421 19163 8972 
9992 16
65697 18310 63811 12834 19245 84675 24118 50037 21906 60898 65970 2448 94642 54487 28487 11896 
984 17
5364 20155 38364 55512 64584 3149 10131 98443 62866 78657 26821 43392 43599 29093 73305 67207 99627 
5873 19
51111 42960 71845 49162 80581 64148 25664 54746 72106 10884 31494 34432 30683 68214 76811 97334 11228 45383 26816 
7963 11
9705 79522 74147 66573 28370 74649 89191 61205 25831 49736 63912 
8958 13
35279 63505 60861 406 59386 19992 60567 55120 12006 9150 37090 68824 55618 
9028 15
33839 1506 85016 37017 90292 70946 18377 69008 75877 27682 83450 51723 71195 9170 151 
1996 12
30382 63868 73587 26562 15683 24317 69113 33775 67027 34632 40074 83088 
2115 19
57393 56546 631 52372 56731 70698 30329 67550 40196 44940 50089 82299 3811 72783 62652 36470 54155 99988 28285 
1886 14
23337 32430 90527 69917 34381 99025 18501 24943 27423 56011 77196 19375 76267 16148 
5568 14
11989 65855 66563 40116 15721 70548 22644 72568 11333 86322 83113 17432 45053 67294 
6418 18
14997 22844 79744 82879 91998 96150 57577 75744 3708 39035 4176 71901 55251 7124 81382 99717 36770 55802 
8818 13
62386 42040 94583 70211 39943 2506 95488 294 27965 86782 18827 36626 40659 
9934 13
62769 40644 85896 76048 33290 31611 48939 61475 13865 42785 12599 50954 74498 
79 13
5547 40712 75224 20294 15601 95827 81522 68010 9743 3069 34003 17409 92238 
1989 13
61260 79182 39893 85142 89037 24761 80644 60870 97175 51836 64154 53033 70849 
2269 20
13151 68373 36013 77141 83406 54550 7341 37632 27432 25367 24443 96431 16400 77337 54049 48995 21349 79711 60244 96225 
4713 19
7840 20958 42024 16018 4500 47016 6256 15110 97498 15233 2430 70362 79089 18798 86903 344 55232 20393 76521 
5811 17
85320 74557 27102 6893 35642 45346 50897 17872 73954 99537 13126 74209 1668 30850 72936 97719 72787 
7042 17
60582 42074 72464 37687 64879 38712 77640 24343 94727 18110 79123 87349 18938 1911 92896 27467 69648 
8644 14
35464 89846 73627 76680 22724 51062 68386 89898 23452 34877 26767 53074 34444 30861 
1024 11
32114 24268 22368 4972 52032 38759 61721 82442 58408 68426 20277 
3698 11
91786 32312 3504 64709 18098 68347 32386 8503 82055 29770 24081 
8392 14
69215 80643 41824 29951 42060 20066 99981 6519 96946 32513 95714 96203 2231 36885 
520 12
24213 81727 63571 13982 61116 41348 19502 13745 90702 22444 34091 110 
4065 14
69141 69244 43537 90021 18030 33951 16624 59940 44996 9496 6561 86029 50234 99292 
673 19
73053 37068 58881 17215 46508 72520 50079 96349 29444 44256 93437 59134 42583 92933 97092 20178 4694 74144 65306 
1453 19
17714 25123 54983 15385 56190 28208 24651 38811 66733 39332 49749 74243 1339 59341 61255 12015 70749 68226 51412 
2235 19
18597 56327 81026 65586 75038 95174 47269 39343 91372 60651 71171 90978 91502 94805 19971 4980 34107 31664 24426 
3050 14
7507 17096 20053 89911 80440 31709 57053 55851 50044 77035 63291 69020 14042 20139 
8101 16
85863 77330 7489 19326 44892 25853 27883 9825 4386 69595 87425 46390 8586 96290 69837 87912 
969 14
11375 16352 3560 94144 29407 51351 77890 36205 64681 38137 24281 90538 7644 4938 
4381 20
21975 38669 40460 18215 75947 3505 1852 49126 46161 24950 38524 81256 47841 58217 4894 89736 1734 31979 50195 54841 
4660 16
39466 49130 75421 50666 72867 62952 34629 82664 6364 10404 18015 49197 68486 26081 53046 8268 
7843 20
20265 17796 13585 31208 40070 5667 9698 99266 45791 15016 3970 75591 40884 44404 31352 74467 42817 77573 38684 9526 
783 19
41389 49971 593 99401 80409 50900 32306 89896 63943 68715 92020 99706 2958 18165 14838 67862 55062 85759 42106 
1110 13
94775 46345 82667 63840 11124 17878 79216 52822 79109 81924 76657 31146 13971 
1316 18
2024 8399 54062 76036 40854 47191 91966 42573 31724 11195 53426 67807 9602 16101 27652 88579 39821 16199 
6679 15
65843 32194 80781 31872 78144 67448 29223 65611 82681 47119 35817 83887 72151 36508 55721 
7166 13
43444 35811 20255 99387 98138 86148 74754 49505 34912 60913 59221 58833 60261 
7258 14
13832 49014 66786 79746 73383 53365 66192 83588 79404 9938 80630 33015 60285 51793 
1044 14
60239 32697 36160 46398 51997 46663 35191 47616 94797 72992 14907 60159 2081 60633 
4177 14
7032 76985 62027 7074 53773 83485 4981 92357 55037 7999 46104 29695 96601 46241 
5990 13
24991 72817 8844 46525 30267 27051 70341 27750 71709 57778 24689 35951 63765 
7025 10
10805 52644 5509 19809 18708 19506 81812 98482 33186 52788 
7148 15
32426 49863 8543 13913 3013 52707 4474 15901 43448 71203 71260 48396 50825 51731 52590 
7611 11
53390 47914 18521 77532 38709 31248 30601 72767 71784 11570 56217 
25 11
69060 16523 31263 8959 97951 14449 60620 87786 28562 5898 87370 
438 18
66969 35391 83889 99274 35054 32649 42082 80223 11330 66175 69232 60434 89610 38629 79345 26861 63712 27092 
521 15
57801 7326 82837 88648 85149 53166 61408 4233 76673 2254 35549 98259 2059 84559 11261 
1584 16
80641 55911 51502 39082 20516 67789 75917 21771 11055 35610 87744 92745 95584 91937 41634 30631 
2257 11
37279 92596 8041 97877 53545 49709 35380 24086 83071 26567 44184 
3883 15
81808 44369 73083 97903 33589 48709 52270 51928 42944 24416 73176 45299 99574 60726 22713 
4430 16
44228 62452 81339 52219 68883 55012 1557 11400 92534 12679 3216 58755 80658 73238 80369 93730 
5269 18
27223 38405 26048 5257 7929 39365 86823 9236 50139 24854 55893 61193 66959 41417 34903 79595 84148 63780 
7804 13
10549 40986 42228 71461 30002 72232 90637 51995 50894 79845 30785 3827 55552 
3871 16
93037 83757 34264 38562 67022 52692 98821 67314 93465 36057 6198 86380 2283 60672 29774 68647 
4011 16
56544 17556 27377 93247 91863 62780 27333 91367 45199 64750 19886 71497 25444 95834 84344 37512 
4116 14
9338 40454 52495 28986 19149 61807 43174 30546 67788 14922 36488 70766 41152 10414 
4164 15
87460 40738 44932 35906 4947 4903 31466 83030 32376 84170 36802 5488 29670 91515 83957 
8254 16
71939 13658 18461 67518 12813 51557 21884 88947 59811 42451 99576 82031 81783 10821 494 31572 
9963 19
54749 66242 13534 51392 11101 74257 13159 43895 55717 32448 23537 34741 1914 27003 99824 3471 35723 9928 47722 
657 8
39742 7188 35060 62073 18766 28948 27863 42847 
1723 13
78751 34302 40419 93635 73071 78358 8285 12887 87936 33651 33745 95946 70344 
2111 14
29311 8110 26952 60105 43759 41618 6653 47961 10258 38453 6578 5996 60359 88323 
2557 13
64183 57927 36464 41614 88848 88147 37269 11910 82808 12946 36888 71911 72443 
3413 10
11789 23259 7166 56065 46956 14911 82597 80404 70750 93981 
4251 10
46481 95377 16994 15036 80598 7613 49793 41937 60970 93029 
5530 17
59366 81846 95967 1436 94165 8809 70492 6221 71384 15173 59019 78721 36305 76723 81028 19170 38569 
6212 13
62838 10024 84445 15924 35388 35386 29498 14766 52625 28692 96981 11374 5696 
6236 18
95663 46152 72514 26472 74537 37495 85494 43916 49075 71100 89773 67257 89011 6736 31748 23755 21997 97316 
9507 15
47750 61625 22639 76685 37861 426 43700 82357 50520 84733 38469 13243 107 28393 46675 
993 19
37640 5913 15551 93522 98506 73163 73605 65658 98571 82869 96099 1939 76936 61584 62743 3923 2896 81791 83276 
1002 16
64128 43863 53213 49726 80553 79194 45978 38278 38792 19564 61038 9968 27661 28160 29363 75761 
1425 11
68541 41816 74273 90989 24556 55771 82434 44715 74693 71125 61665 
2354 17
83836 34592 13855 85588 98489 36553 88758 95568 44082 64925 17389 84102 94728 10055 18980 43350 48364 
3307 15
60928 23112 62701 61555 3028 29291 80457 25869 44376 53292 74641 43229 19159 68951 24765 
4083 12
52309 50999 1959 71983 16089 20469 17715 23437 67135 43990 92141 3262 
5272 17
37152 6228 26000 54677 14946 18631 83652 52185 49264 37339 38740 37519 79790 44610 8396 50995 82744 
6609 15
26726 22173 78614 73426 64281 69910 20546 84281 76612 8037 44884 34525 91760 17782 6635 
9596 15
68283 28257 92897 46877 36022 70628 62020 82845 350 83745 52255 74803 6407 58817 83441 
498 14
75135 77897 72849 38688 11241 85390 4651 55274 80075 74383 14276 84687 95302 64733 
613 15
29089 45699 1648 27843 58267 66286 64411 58866 58538 62608 3318 53323 6207 23127 98922 
1226 12
77342 44775 86281 44968 233 62617 22973 94276 96907 64032 46361 75758 
3034 19
44302 45572 70245 1035 25349 47277 50059 69266 18416 28057 88522 91869 64024 67044 64825 65198 41881 86482 97841 
3289 11
10448 52384 59597 93301 46612 37342 72724 93236 26706 50625 88478 
3553 10
50288 34662 85269 64438 77845 10148 5665 17902 18201 56077 
4986 15
52927 66917 22541 36753 44980 25224 40099 6363 99737 20097 1414 40128 63605 3255 82988 
6076 15
18577 66935 8076 73316 90393 12702 50101 10124 20059 19881 98737 88709 20161 16963 31939 
8869 14
50700 62772 27848 25250 9550 52124 53509 38328 82758 61039 49369 87161 13964 36087 
1878 11
28574 48646 44655 84076 11468 55740 18070 98695 95668 54475 33312 
4402 9
12941 59661 92752 56187 94612 47813 28026 31459 4185 
8587 19
67325 4685 62910 76951 56007 61696 64378 35465 37892 89433 96446 44756 2274 32612 61852 47251 79082 75555 39498 
336 13
33376 95097 68306 69547 14879 35413 708 45101 4456 4018 20031 78480 72530 
4975 17
15294 46795 82202 50453 59131 4055 34111 44093 67501 17712 31660 9209 32445 95820 8832 480 27153 
5113 17
63919 27943 83827 9777 26368 96410 87593 26672 92685 69790 70484 14354 81601 21533 4515 10913 69974 
5193 15
57071 69331 45002 31968 60938 74255 32326 84756 55715 28848 89721 78377 21798 78706 36532 
5438 13
94553 87397 98 68452 13272 41381 44812 6373 76256 89930 49632 60056 527 
6001 17
73661 21401 15542 9506 95049 18285 2465 51208 16340 23407 79879 79986 93593 50160 49955 68073 44179 
6423 18
6832 18339 40246 95350 95909 60935 7116 51462 64766 77451 59936 10228 83681 23991 28524 9657 92164 29438 
9506 16
61131 32320 91177 53947 54080 28035 82657 2253 55571 95401 73120 64272 48747 33125 52150 24168 
585 13
68035 95338 10728 47000 22158 90553 72114 28778 78187 62068 98225 40085 75655 
897 15
3370 19537 89915 44446 35768 30177 90241 31964 6362 43187 92813 64407 13632 85252 71146 
2162 17
93034 31645 49668 54504 17961 42376 81610 63614 31401 84861 54449 34879 81932 66269 35593 33165 44531 
3459 20
33307 1678 87515 77920 8575 57400 24874 17120 22522 25755 87562 75515 71217 55157 65964 10876 12206 53358 28136 97886 
6940 16
69993 27468 24199 57710 73925 39870 85883 42102 79244 9446 6553 26739 58983 59466 39164 60078 
7726 18
27 79952 84050 61424 9587 88213 29087 63936 43404 82992 51359 91734 52019 65491 44524 44950 26720 85737 
8261 12
69785 52714 4281 1120 14258 4423 91973 78430 93877 36050 13211 52458 
9461 14
9925 87580 40413 8414 19856 78587 4073 40090 87140 63315 44422 35751 29586 1827 
1249 8
87288 43004 60004 24923 13016 70255 10207 76800 
2047 19
31450 16869 65400 85450 16253 81296 28650 75276 7932 37522 5708 956 80520 75223 44463 19298 94556 29083 10296 
2079 17
82091 18985 87837 87813 3333 10174 9323 47464 49627 13037 60294 65350 96654 24382 58472 87657 22275 
2837 10
35309 91512 94003 93926 70238 43769 50798 57761 99704 42141 
3874 14
47125 92240 87298 59828 97508 99161 1910 51644 9095 59962 78658 95847 7225 97819 
4463 18
28195 7858 47964 39388 25685 87340 25398 53413 49953 83013 45282 829 32644 79233 90453 93378 33779 47407 
7506 13
38236 50423 57125 75419 8129 59395 53271 86524 64897 97004 70054 13059 63738 
8572 16
12537 5616 23157 22464 61981 96767 93536 11908 88489 82427 99978 29877 54514 35534 53430 83108 
8848 11
75239 24353 86294 52782 1925 23014 86770 15262 31345 36789 88061 
9810 8
53684 72649 95564 4726 53669 7955 8905 93754 
3955 16
87897 21941 21980 96437 76480 13169 6022 48803 88248 62354 77965 63838 9607 38251 20670 48400 
3998 12
30958 19932 94628 4051 57688 71934 88054 97779 64979 89508 91337 53876 
6724 10
61454 66109 54142 63341 95077 15302 90183 85301 55452 63244 
9336 14
31985 4034 50935 14610 18601 7095 66404 89465 77454 95682 18473 70375 98817 69072 
296 18
13112 53679 13780 20885 34006 34131 9523 80421 62489 18247 68972 44461 32470 7083 95246 70315 5286 18353 
2976 10
57087 71809 78019 67248 96358 90825 69552 74210 92701 38303 
3394 13
39436 15939 54203 95135 81118 98924 10310 10938 58482 2863 41598 64967 93786 
4275 18
46631 60857 63686 80892 86342 47970 99148 21220 70417 71821 2809 4338 32042 95189 86091 80800 93416 98905 
6355 16
97645 41965 33872 70258 20133 84084 65387 94618 50907 17030 62766 56480 31177 44783 10185 91485 
7191 14
5609 45325 55252 33140 35312 19977 60405 86154 39828 84098 12118 20961 55622 97099 
7218 19
75619 17868 42873 41014 91340 51664 46565 67526 32922 9385 10604 19101 45458 68180 21624 7404 49821 58235 88476 
8427 14
3442 82839 98543 79441 50819 82993 10276 43211 3291 28841 79329 63169 33516 85437 
9667 15
13401 59887 70655 54762 90180 36504 43833 16180 40011 66302 56222 94791 20501 66630 50609 
1014 15
62913 33578 74625 67950 21950 76791 30283 41197 77146 7927 27325 74634 65429 46274 37599 
1048 15
51088 48944 42369 2777 80509 35936 93924 87605 2719 98940 26530 73942 36777 46095 40363 
2021 17
1843 27794 71286 50373 37252 78156 81421 71534 35269 23418 32198 37960 74288 59167 78468 12950 64069 
3632 12
42140 34962 73286 56974 60329 55839 64088 31648 94062 46997 91017 23357 
6665 15
94640 35658 78328 60207 88816 50515 21582 31325 96148 67942 14148 49364 20270 15422 90309 
8128 11
27904 98960 25117 78649 19960 19901 260 53094 95115 6491 2429 
8488 16
51405 38326 69767 45522 84875 91683 52721 3389 12973 57569 12162 74067 69900 73183 60544 7698 
9103 10
40936 63709 94900 98080 49435 46179 51298 38012 12231 59467 
2990 13
1694 86907 18740 19416 91454 21894 92293 59140 66032 96168 91357 55196 29099 
3094 11
62188 10417 96483 41836 91141 19811 94442 70804 72753 26457 4876 
4058 13
46516 84900 55020 29557 53443 46267 56871 62267 7826 17426 7336 50042 27207 
5835 7
6703 24979 78040 89745 48697 93577 93568 
8363 19
86460 75160 19297 8218 22066 24495 10067 58215 52197 95698 79757 90492 77027 21268 21457 17958 421 13267 12905 
2329 11
29778 41841 26570 63990 19110 22363 61537 66853 32615 39794 15360 
2923 14
9779 64384 49587 3340 19756 20732 51640 17764 89943 87908 78873 84721 87323 9340 
4213 12
24738 77531 94145 28342 79678 26825 30834 9895 46208 47974 29636 16057 
5200 15
739 17045 73487 16919 38119 46191 66843 3784 60888 98368 90506 28276 60617 58521 60677 
6349 16
92433 96766 26165 26396 82010 96477 26540 26147 78121 21212 63767 4120 84043 93970 34113 17469 
6980 18
53205 55463 46236 96257 95986 5817 40284 5705 37419 23837 57681 25220 52865 92148 18909 10247 345 57447 
7822 12
74828 20701 66124 77976 550 51399 48849 70296 15773 45966 75535 86967 
8137 13
79951 61271 99971 93445 50711 57208 45335 17341 4070 17619 56364 23685 376 
8198 14
26204 51113 58483 59495 88933 41823 79594 48942 20928 12267 3079 10738 96298 92622 
9871 13
1601 84703 15552 87836 47617 29061 92079 17117 58231 63085 15113 70576 21955 
5 14
90613 30091 70553 47081 98759 14459 86009 31929 83777 62891 41431 34776 85820 69906 
1844 16
95886 84941 6335 67733 28593 32769 92028 98585 47525 3226 82730 22883 69508 67700 54363 19179 
3324 11
56075 98469 49851 27589 16067 6316 77126 63905 63487 23321 29258 
3892 17
99035 36386 94948 62900 98800 67317 71082 22403 53692 80893 32622 12462 87941 42265 92764 86775 730 
3954 15
19488 82309 60846 65040 65492 41916 73802 29964 43546 5135 26948 53931 90743 73483 41484 
5254 17
86005 19128 12758 7143 3033 77475 56441 56823 36272 41281 16734 28576 54325 56542 37471 14429 76406 
5285 13
2419 33018 41032 66260 64457 26087 669 31780 71759 84286 39323 17578 83059 
5374 15
33074 40168 84393 28992 50546 61236 86331 3151 82644 73312 10324 91279 75704 68019 91574 
8843 14
62185 75867 51046 50624 58949 39604 82538 41602 56130 30128 78685 26685 6612 41879 
9124 17
32653 44053 62522 92274 20981 15298 21421 43429 94572 12780 12191 40886 79060 15162 60377 72526 17411 
337 14
42781 44595 21105 60311 90248 2378 60537 92183 14332 22544 12478 36601 92029 54872 
682 15
6927 88473 47847 32681 57490 93357 90207 68424 33000 75338 67458 3557 84194 97980 44613 
1752 17
34219 14251 226 97137 83265 63175 30714 50923 66285 6294 88425 14089 78980 40002 3907 56345 70743 
2535 15
91013 214 6673 42348 30238 31798 82376 74586 89687 70731 84923 69875 11668 71440 91069 
2778 14
53630 5212 64301 10732 12271 6688 13424 95289 7237 11107 75312 5981 66600 95839 
2824 13
55254 97295 55607 72587 97960 52131 7772 46614 14508 10632 59793 87607 91273 
3254 16
67333 7625 31863 73943 31947 37406 9197 91770 36659 31018 34267 73371 39232 2431 57953 83955 
3290 17
23482 82662 90740 18661 76 33484 84907 81172 43961 93512 17413 10959 14447 28385 91742 3676 79759 
3406 18
39556 22649 67680 2525 55139 82917 53507 3749 37390 86556 77535 82683 84299 66604 2838 36740 33196 91345 
3617 11
48872 74355 19089 84356 91049 44752 69277 40209 23200 28124 96141 
4001 14
13030 21650 90042 65591 79390 31140 8528 97667 51954 19280 81051 13888 29890 45852 
4749 16
81797 1428 38677 3103 39743 77302 16155 75299 82221 56596 44007 21535 57605 13811 26268 61905 
6239 16
81944 59596 26885 57560 635 27871 94511 77607 16312 31844 72953 50310 79224 40704 45378 10636 
7045 13
67035 17983 79991 43027 15855 53886 50528 46945 40769 30104 48410 20267 64734 
7496 14
31034 28470 65539 42372 18581 83511 72242 79063 42525 11057 1708 41918 19343 32602 
9406 18
5841 90664 38995 99727 50040 21811 37802 61802 21450 61376 98798 61266 71155 99666 34427 4440 96098 99586 
9676 14
93929 92518 68280 43234 70745 14601 24519 24654 14940 52718 16635 94138 96170 89472 
354 14
875 43612 7916 40715 36524 30651 27463 96198 25768 12881 24559 31721 91603 17591 
440 19
97381 92904 75875 22116 72845 65068 51407 17196 14865 81887 22669 22051 52863 29751 90229 52208 64025 88277 98786 
445 17
27036 14411 24640 90346 86612 92413 64459 24482 59344 35349 36172 32384 2014 69678 55148 18854 47090 
1303 11
10712 38393 86784 16140 62938 57796 68932 81411 61669 69822 81156 
1464 10
10968 70201 32197 31005 90673 6964 33607 61212 23162 40376 
2049 16
8173 58646 3273 98753 8094 35266 22890 13156 49714 9086 60204 13521 75571 8782 79668 20983 
3247 11
90099 18090 32734 93240 81926 30501 22884 66506 94655 7233 65871 
3684 12
36274 81144 73767 64184 52341 13979 50494 66179 38487 15994 75138 65974 
3799 12
88472 15914 61032 80779 15463 19530 11880 58789 51969 39530 10226 46694 
5292 11
55383 35718 63012 6050 10177 79406 18357 68171 94883 56218 70906 
5547 12
3379 49370 50578 77720 71951 9153 79694 89992 77659 83536 5500 35887 
6189 17
84448 80523 60912 99320 27544 57806 27676 72577 28025 73003 77413 55154 74773 38508 35114 35704 55709 
6442 16
27191 71791 82710 38770 20785 83160 11660 81761 36183 71284 73213 11172 69280 6299 52025 36383 
7470 9
25892 47689 89688 60595 58776 24953 99819 97382 14340 
9013 17
64716 79910 88859 28809 56101 23750 45327 41657 52400 75957 97195 33431 73728 46927 56551 49605 92583 
9432 18
2249 98418 56335 17858 81542 95835 11634 11793 96975 69921 89583 29522 34357 76675 1915 36104 16250 42127 
9573 8
73438 79675 59834 45212 2480 45598 69101 4039 
335 11
47002 51965 37895 80480 93125 67888 94501 37203 29236 14122 96982 
383 14
4838 94394 94186 69734 91316 32051 92070 54707 23838 928 82241 20909 67988 4887 
930 19
15374 77709 50122 98123 69882 32075 60154 30940 68671 24536 24066 64593 64149 69252 62830 8878 55988 31670 68975 
1394 18
2359 1096 11683 81438 88850 66090 54932 77041 94512 15018 15424 31292 5295 39712 62801 15102 24054 63950 
2214 16
71149 6515 5449 64376 37980 69006 25274 21223 59437 45646 59288 88742 94368 69665 75024 51556 
3212 17
88095 84954 4550 17702 36599 75898 15474 26592 29924 98398 9199 88836 703 85403 17078 55051 44512 
3334 18
70502 52459 66019 8390 3390 74193 78535 25209 1165 72123 87949 95596 9662 86180 28291 67012 49268 18424 
3369 10
44346 36496 1077 38612 64757 50739 19956 17204 15038 49076 
3472 12
98875 95870 15701 28175 54738 92424 3501 35120 587 59977 1105 99557 
4606 11
34227 44605 93551 45877 24020 57936 40242 93740 20684 78370 59143 
6285 14
10892 26159 96251 10521 41241 94245 93151 14578 86520 62169 24073 32485 86974 83809 
6717 19
36096 18367 33661 74352 14982 2492 95454 41992 83653 32544 68371 87993 18904 26392 40088 25539 52310 28162 62589 
6995 17
65061 28301 95925 7997 82356 31004 79584 44045 59001 88527 91388 64793 19352 36061 59224 31952 10252 
7312 17
50617 49967 44421 62565 24747 12490 61924 94242 12197 88202 28791 58254 39265 61897 33892 27440 23031 
7534 14
6159 57846 42500 65621 62332 57589 63250 96584 47444 46911 12910 62273 15974 60646 
7736 13
90159 29918 56439 99773 94907 51154 69643 77480 63164 85917 32385 13898 17270 
7830 13
66809 64497 77190 43505 41142 83384 7133 85147 52375 21907 51238 89960 34488 
7875 10
1899 27527 66772 94447 42940 9257 19248 31130 57116 27280 
8300 12
33813 54196 41532 62377 92704 73038 31408 60051 10836 51039 15770 9754 
9752 8
51247 3775 5944 43989 27738 55576 19038 7306 
407 11
71500 89988 97045 24876 75547 63462 6225 18420 586 67822 80675 
500 14
91652 66310 83347 58655 98148 78037 65414 99206 71608 23993 53816 94222 22226 22260 
1415 11
36581 60818 59570 86353 12331 77295 67311 89423 83073 35560 18746 
3156 15
60921 70022 44433 17659 48445 93278 41314 20300 18056 82727 5883 69169 68184 43827 94725 
4009 15
68550 23720 11151 46566 470 12842 50902 48518 10299 19945 22849 6223 12036 88274 27711 
4393 16
37998 77553 23274 45930 83247 45703 7129 95520 61800 34591 90953 56902 96102 1359 92230 28106 
4899 13
80821 62154 9500 24682 92872 86865 85295 27080 48682 29330 73846 74215 65691 
6153 17
3584 42225 66858 74845 99823 66107 84343 75433 26120 69519 51064 16235 72700 21525 60960 29233 9862 
6251 13
16022 87309 15844 12864 85018 80211 43764 55479 77515 43311 41244 59385 69835 
6484 18
73073 64720 22878 37335 6410 39787 66040 91647 53319 70009 3922 26862 5028 86189 87186 30527 2347 65804 
6492 10
47686 86629 38826 62025 49255 66855 23251 78408 15388 28525 
7069 18
27194 44616 37184 81575 4897 52947 93345 85412 81860 21644 26031 16123 50545 81377 16197 35160 89369 46676 
9302 18
44023 23442 31657 39129 22657 15916 24685 46052 20060 6648 16179 8397 83431 85456 43289 85673 38601 35617 
9562 9
90086 17388 24074 78801 6065 43028 73374 66324 82933 
1244 17
69323 4661 58545 65878 9198 75652 73099 71727 60745 60374 15399 98458 71236 8718 40847 30477 88658 
1565 15
60497 21345 94823 61342 97056 85015 29635 71487 32549 91398 82383 19907 52008 72597 5130 
2086 9
71240 64126 8855 22534 69080 50175 10082 10909 21483 
2331 10
99421 67429 47495 77431 7728 99841 78051 95845 79548 86018 
3074 17
26264 82820 37009 88267 81360 1016 32454 92498 28384 88537 21746 24574 63173 40967 61306 61127 75486 
3415 13
74564 55114 76940 15130 51104 11174 9039 61919 5836 68213 68404 57367 56476 
3564 14
77305 1094 59508 5687 67647 85539 22124 50257 62024 73121 83454 82267 61102 45590 
3774 16
18594 16820 87531 62564 64308 28910 50395 12810 35652 31987 64044 78004 74135 39444 74696 45267 
4819 10
31965 81331 90984 557 60756 60731 99325 84548 26213 63796 
4830 18
90407 2082 65869 44469 43359 19407 52179 90737 12587 50014 47652 57205 38252 297 16188 9797 60012 31810 
5291 15
84149 34906 61936 57167 59522 76501 84620 70384 38170 80916 28149 56315 90668 14817 65915 
6470 17
52430 20950 95501 50052 35795 18006 97803 64147 52709 81962 1076 22269 90831 1969 97384 55265 28558 
517 18
41481 46862 90605 89982 74245 54503 30055 60630 47947 81806 21012 45419 73642 54076 57333 3476 49599 74050 
908 15
10315 6822 40632 79850 4979 70282 18170 20747 53434 95210 91148 69632 95934 30744 58626 
1721 16
96680 1328 66601 92021 12706 26762 75648 9681 13436 1271 45900 29998 6368 979 46182 49144 
1813 16
15149 72561 86728 94960 8506 31624 41353 71192 92945 32864 86714 21712 58637 68464 55178 97048 
3080 15
81404 69934 20809 17256 74341 87054 3671 31796 64673 78611 40481 6733 31977 54164 1883 
3192 10
48592 87211 76950 97915 93968 80379 30196 36237 2209 96441 
3218 14
97500 37840 95143 59691 5162 1010 52401 23072 46846 86848 23405 55521 84101 65795 
3740 18
77835 63558 58495 96736 46351 16097 27039 89604 66815 58097 54151 40681 68795 37086 28429 70126 74579 70845 
4297 18
41818 40293 7838 40342 71757 77693 28652 25838 75660 8519 85081 19612 81533 55765 596 50128 35826 5924 
4351 16
39778 19361 62473 29015 12710 91438 46872 11978 63437 74284 79471 16849 38794 69918 46112 55224 
4490 15
58202 71337 81386 16060 83630 62514 77937 95526 49258 94608 73041 39788 88257 73008 6041 
4933 19
20954 94648 67725 26933 92209 14509 23819 26349 8786 23748 93439 79794 84850 20475 12876 1839 17651 79686 38428 
5094 16
31735 82605 42126 66827 59218 68166 73576 49277 45437 35863 35148 67580 88548 4146 24566 34413 
5123 16
68230 22311 31182 73875 87725 4620 44 33095 44326 87570 18712 47057 32289 35623 26371 60536 
5585 18
52702 21281 96805 22256 21611 3807 88662 74742 19380 32575 7655 48826 54001 8062 47944 72826 7109 82005 
6902 10
87326 73429 89815 12745 2063 66272 43924 71819 96365 97707 
8139 16
57494 67726 30109 54522 68501 56432 99605 98805 12427 8074 69867 93749 87734 10964 4255 15831 
8262 16
14172 60403 48694 34545 38939 48070 11053 30397 4437 78104 98408 48142 77806 54072 95669 13390 
8269 10
75850 19008 54099 99085 95653 19870 40964 92585 79907 38395 
9106 17
44677 66450 97799 11562 1528 62637 16225 38499 33723 7416 15789 44468 88686 86033 37095 55477 62653 
1900 16
2202 63098 78736 84127 79683 85919 39581 74098 44343 71537 23406 16673 50534 37072 5857 8321 
2265 13
88338 46964 19445 2187 21588 40925 61153 81633 79075 91725 67068 26519 70665 
2941 17
26702 60521 48683 74413 4640 83131 84005 93261 39396 23637 33092 99409 66681 88228 87413 6628 15166 
3766 9
97610 53710 41609 98159 72504 89793 24788 22781 52837 
3915 13
63550 67403 72951 30953 98284 74117 45917 60639 98747 55918 27006 74855 83261 
3947 12
46971 40480 18930 29341 50385 92530 6863 12650 55870 97418 70178 21316 
4383 16
3660 88191 37770 64548 92898 51153 49762 21265 14272 40441 79012 11447 6329 81907 15791 12670 
5095 14
17113 42635 10740 2442 9341 73565 35594 35743 72588 34202 57603 23429 49580 54888 
5926 14
35943 78192 78639 69838 40395 52752 97132 71833 33209 87561 66234 34786 18542 59526 
6597 8
53302 15458 7440 65480 88275 61254 3198 97363 
6899 12
95073 51050 94621 10095 83721 85338 7382 66671 56318 85529 36977 66595 
7159 16
78410 34573 84649 92431 89347 1623 72887 39578 7829 53138 79578 18427 99647 66644 38087 84160 
8422 11
49918 27526 65703 70695 73609 1290 62578 17780 32319 71702 27225 
8910 19
61520 97575 43138 94724 92261 32055 87320 56663 4878 42750 55435 83365 35807 26215 22611 81603 19559 19798 13132 
470 20
58852 34110 50532 75916 83487 71140 7128 61793 85789 84614 84978 34263 30681 84652 60568 54586 72655 42465 65050 72346 
645 9
84181 55001 98599 18510 6448 41048 26267 47155 34872 
1481 13
74501 57324 89739 6691 74128 42698 23414 3516 69948 33411 18457 80569 18694 
1922 15
28272 66594 78341 46302 47480 33006 83563 13471 10999 65637 56722 72825 26616 61330 12422 
1952 14
12985 71355 91043 43701 57365 31511 33240 63474 61733 90973 42604 80224 96773 41925 
1966 15
96754 69105 79121 89946 22877 83505 51362 78308 57809 14222 83275 18759 44201 8523 42289 
2147 14
14417 21848 23635 69647 58874 70931 87523 88703 69524 79979 39926 66472 46721 70177 
2746 14
27449 2760 37813 61610 39339 70366 84885 6172 11870 81792 96044 17972 92342 94130 
3027 10
93498 36246 62107 686 7709 94987 72139 30048 55443 26116 
4055 9
62326 20119 72834 24286 54818 46505 87860 37116 22090 
4661 12
72713 21867 81257 81821 13396 84872 42756 10589 97597 429 3276 51616 
4963 17
99629 28048 34875 28802 47826 32355 21883 62023 13355 21360 67334 36289 99191 39937 44372 31380 42460 
5484 16
66854 59674 41165 57344 65001 22448 97383 27715 50882 72129 34300 37417 13019 34213 30386 43379 
5668 10
51313 96666 16157 50980 66577 60769 37264 64684 6203 41952 
5830 16
60649 78489 23539 13259 72476 72903 38494 66515 78890 24291 6634 66499 72095 48468 88894 19095 
5889 14
52847 67023 24905 60145 46453 50516 41564 25503 53753 52052 196 92496 21957 56880 
5896 12
50877 1633 60851 25352 6549 53833 25822 96973 42871 5847 91507 88504 
5999 14
96427 11566 50054 21000 10128 59137 70701 33623 41739 75402 42056 89070 75664 69509 
6669 19
59832 96915 92111 3242 85781 23109 99363 42918 67049 70627 38592 85615 76938 13095 35314 77258 1918 1889 1901 
8122 10
93479 98957 6121 22757 55650 93036 99042 62802 53274 70857 
8138 13
20108 96157 72141 45672 77636 67623 36224 88287 74246 14820 66280 42854 13542 
8404 9
13529 44882 38866 96954 82120 91728 36801 13368 58196 
201 12
36432 22782 41939 45238 55418 16015 71506 97865 59402 37292 10122 9003 
257 9
40565 7848 48541 30468 43841 35009 50651 88115 10011 
542 15
90563 22135 98687 53334 56865 77058 77627 15560 88830 12927 45750 85408 60895 33694 35954 
1401 19
21662 36831 18325 32087 99567 40839 88283 25313 59882 89744 35776 650 63603 33765 4430 85309 63672 77727 41249 
1525 18
27961 60421 53366 68314 24060 42323 16791 93090 88997 91112 59789 73558 22667 9352 84745 94367 95293 9687 
1601 13
1408 8350 24960 48156 44328 7951 80302 97871 77556 40625 21338 39225 98568 
2842 16
35329 35245 86651 63993 42539 70850 4957 56372 25473 64561 9960 63719 78882 44434 38625 36178 
3301 18
25109 89106 1990 31788 19561 8738 16442 40547 4023 38908 19556 92476 2972 87044 71697 17449 35755 70229 
3491 17
83403 16186 36976 24849 52272 84838 24919 87251 81078 49651 52810 19591 751 55230 74566 39672 77477 
3605 19
8975 83102 13642 45987 61346 66554 94252 23769 87257 68443 72147 31578 25793 65603 27779 4942 83853 98521 42192 
4398 12
91995 59630 75088 79383 6175 65777 72267 29501 58223 37258 81038 68863 
4828 17
19797 80928 94398 54907 45350 18825 91838 30359 66981 28147 51609 32776 41459 24202 44288 11114 21408 
5895 16
85487 24176 39803 59011 11231 26288 48597 70738 98518 10235 32811 76260 41462 18396 23350 93298 
7071 11
83596 32802 54358 83688 40860 49768 61317 93910 72570 67657 28620 
7601 13
70028 60839 77438 51149 9712 30420 48744 44649 16892 31394 4908 83421 89117 
8683 14
94313 22774 76224 70123 94739 58644 87996 54414 15613 5972 16759 44385 60422 25176 
8773 11
75291 17779 56192 85276 13380 57468 89908 36647 40334 5104 33557 
8890 14
36749 63102 6725 5858 26620 15643 98464 79810 42631 29939 14151 30752 3650 96640 
360 10
51762 9390 19893 26241 80824 80851 30215 77074 31367 18869 
643 15
80377 73064 87427 71602 81916 65144 55374 28243 99460 16021 4375 39678 84711 8537 36961 
896 17
10622 79679 51615 84771 65633 73411 55381 17942 31190 43258 23617 91672 27111 56854 95797 72230 11746 
1551 17
57630 56068 37223 9404 57225 8504 4790 2684 68416 88606 44066 97265 34746 12481 51535 41567 21609 
1640 17
80930 18860 91380 10173 17916 45754 7256 57479 21242 61934 82408 230 5558 45617 97768 46517 28535 
1778 12
8363 18335 44766 51003 37771 18685 68698 57572 7926 71627 14180 97633 
1876 15
73738 42203 59688 36846 59643 47861 89753 46246 36623 69212 62546 70547 64029 43177 32017 
2375 16
29920 68368 37447 20658 34782 15912 50227 93719 7137 72883 10711 66067 7000 23324 81737 72134 
3215 16
97697 28626 87224 87041 76153 17979 23408 85996 56506 16565 29694 9127 19258 48973 12289 85233 
3220 17
8620 19603 94160 90438 54555 8025 20613 82464 64952 24106 47995 37185 54061 80587 57394 54112 50392 
3507 10
1983 45935 78255 90321 39656 49256 12840 28944 55491 38983 
3529 8
92291 75927 1810 25057 36293 80431 31928 65857 
4250 18
64845 25688 12544 98758 95329 8999 4060 8404 20049 59754 25963 22377 71909 95498 89802 66035 89315 16418 
5013 12
12961 83254 39938 74158 74804 8702 99669 1295 83357 64550 33940 96735 
5175 12
34740 886 70139 29872 12890 62499 81030 74994 51604 31419 57263 6659 
7702 19
44431 44954 69145 29319 42188 22798 10293 23592 68778 77442 95141 8305 84473 57316 45200 81986 9761 5790 129 
8583 13
83367 22901 21766 37866 97288 30257 54188 28357 94958 7195 38871 49025 32317 
9221 19
76388 57012 19985 67088 26344 74554 24514 70487 25306 52725 29873 90500 83297 88825 86722 93774 8245 88738 84026 
9889 13
17833 75653 75279 33093 70722 99860 28851 32305 47077 39701 71030 55108 29752 
34 15
89682 58167 34868 54026 37051 6351 88521 94768 27800 78776 66243 95869 22903 97750 83619 
142 10
23765 27708 52504 70926 25320 72905 41397 44876 69776 29870 
465 17
32334 36875 4418 11588 22169 666 54490 30843 39961 82793 1139 5493 48125 43640 57715 31246 43614 
620 15
33339 31142 90128 75530 52399 53525 11351 51771 30153 76139 63067 10717 27378 51858 17004 
679 16
8937 76598 98826 5008 38913 39950 5442 1380 85535 63537 38440 56499 66304 28064 42288 93904 
684 18
76599 59709 47959 96289 89530 3569 18534 62168 77143 76404 29962 7471 6642 90353 78566 17968 75396 63941 
1139 11
20382 63126 46215 51672 1884 41635 33173 24234 59678 80578 19263 
1773 14
68833 73845 13988 79356 16687 56875 23778 79246 13491 70494 83220 93441 33405 61380 
2675 10
61797 82203 76632 75092 50380 27564 87522 38806 20321 91568 
2776 12
29441 93717 21246 78989 59690 6571 12399 12978 20680 39135 18378 45737 
3572 17
61989 60392 89382 56378 57615 83768 92553 11614 58966 7170 65971 36954 71847 52260 25351 4815 38634 
3708 17
42834 52573 91748 83868 41962 26006 91434 9115 79985 62570 80897 70739 68448 20149 90844 70782 58657 
3859 14
13583 30049 53180 67860 90034 40901 67990 61686 22248 50188 51337 24656 76163 17275 
3891 16
70328 96200 77393 36064 64916 21847 5875 92040 69713 46221 17549 27807 45174 42805 47052 86807 
5177 15
65536 98745 39707 40377 87343 62448 97785 37729 12620 40825 40640 55279 31518 35665 28931 
5580 13
59124 56641 87843 51678 17189 80063 46759 17645 41033 44945 34412 91608 74674 
6374 11
19661 82233 74859 3336 18203 46438 73713 61458 29970 39290 96364 
7072 19
23190 95736 17708 39286 3659 96718 60880 95521 23931 52746 26289 80706 73842 28666 14344 90714 96889 97556 72820 
8174 15
61041 77403 52739 13926 1372 609 96761 70808 86736 17294 25361 89563 70524 16501 31207 
8412 10
96599 88384 65076 3224 74206 47400 71832 48935 75065 63364 
8663 10
9850 6134 8726 17711 49876 38608 60655 43539 97554 87246 
237 13
48154 91842 88352 73477 67478 86725 31849 80910 82791 7343 12804 95786 62161 
436 16
41981 73634 30423 15140 94503 96497 6930 20540 86715 11589 65951 48725 58907 78386 57743 6619 
548 14
4373 84013 52961 54149 47559 71669 87751 95358 32263 30740 74869 28077 87470 53466 
1181 9
5320 29214 28042 4193 28899 92124 12567 78261 74718 
1561 16
30326 71237 38789 92091 18027 92126 9880 16710 37006 87458 53032 16984 90433 5669 37612 27889 
1742 13
94839 14368 17314 33803 57061 84870 56059 80433 41731 94946 49286 55744 58461 
2632 14
58992 63572 45380 33741 84222 55553 15425 69919 17173 83070 70290 32822 33928 19336 
2671 11
82516 20662 14228 14101 80477 90416 44181 35286 8859 37061 50145 
2703 14
76451 33571 75411 35143 56131 35603 50817 97736 22680 96945 70683 35062 59556 68548 
3418 15
19757 8222 92780 21134 78891 98243 4314 39322 12207 65342 67750 37794 96870 28143 48325 
4019 18
46896 75900 24748 73502 77622 68577 8242 93507 11158 45883 22638 28194 97352 57610 70984 86048 97287 17988 
4149 16
70515 32801 27816 18220 21724 7599 91343 52101 38224 87792 1008 66456 76588 57497 69457 85027 
5006 17
54408 54828 50106 21514 30427 91079 53649 25614 12938 18289 57867 64415 76702 46101 95257 35815 39830 
5167 11
34460 91696 36994 72007 38237 93921 62964 19003 81952 93693 53574 
5427 13
25335 48764 78939 92912 33340 16191 60495 95337 75811 28677 70834 13678 96387 
6612 16
61274 26840 51976 22393 3698 11996 90289 91424 64075 60509 63998 41036 56585 56700 21810 1584 
6850 7
35459 52749 87286 64835 57428 79264 80685 
7164 17
16300 88532 51927 46932 93598 11034 22616 51026 11250 1665 26683 11969 92743 59655 89788 4667 32675 
7515 10
32060 77803 61005 13034 63763 1370 35357 5656 85042 27885 
7975 17
72722 52789 61299 25559 98766 37579 3073 20873 40404 62832 9242 59175 69390 34605 70037 5211 36179 
7987 11
54411 25794 19943 77014 83873 7106 9875 44951 17843 22739 10682 
38 15
42521 61902 734 96167 97654 40183 21768 45134 92416 40728 5620 21305 51190 10335 8915 
1403 11
60650 68456 55951 80403 59518 74162 58077 42019 94238 40767 8000 
2350 10
18392 73379 70 79745 92186 31049 20453 60978 36697 36280 
2385 17
59548 32956 516 31141 69049 96413 49303 81722 64820 18518 93376 34520 88792 40289 80895 93991 89783 
3065 14
27791 36925 88681 57679 61023 9538 13897 57157 57986 78668 54699 72236 18806 67243 
3340 16
89643 82696 96673 54815 23964 77225 8177 76201 7453 31484 66710 34884 64382 45755 46621 33191 
3921 15
46074 76490 60181 45079 1420 43480 61771 15053 14659 63852 89556 89729 54401 86890 74507 
3970 13
1978 74394 58686 88203 84154 55513 2949 90280 55053 80384 32750 37441 3427 
4642 14
99962 87856 55836 98470 65693 55167 96297 28643 18398 5820 77400 55036 58561 69737 
4817 14
73641 94199 42036 89661 86077 69823 15645 30252 54216 71596 88560 48229 11129 38858 
5016 15
20560 18744 22775 23219 88305 14204 84141 99707 29307 65166 11671 84538 26797 71818 50570 
6378 9
50575 2759 36286 25257 11653 77298 73365 63749 85709 
6602 18
69698 66197 71718 24465 87723 83015 5244 21751 65253 24284 80221 69991 93392 33369 64012 86127 52271 63803 
6708 13
33847 46731 41018 3164 13767 74189 77942 65529 49812 68926 4332 25097 60358 
7462 13
42276 2181 20559 88593 40006 48573 21703 40274 33266 87495 78618 90555 89794 
7625 13
39690 98958 47819 32089 57240 74305 34769 99362 523 26625 77960 36828 34218 
8356 12
58054 91403 8343 53666 80143 24481 7053 85020 88018 25656 42471 22097 
8649 12
33636 62417 61716 68823 26555 89832 30396 89830 25295 94712 53719 45589 
8969 17
69672 4302 21451 46138 81901 77044 66073 17998 32241 81980 92297 35926 88480 11054 25072 75262 92425 
9641 15
95066 91498 13853 90634 39752 56583 85065 52231 46240 77591 91071 79482 78078 22138 79147 
20 14
79689 45286 88220 54544 37314 92494 17453 60514 83263 70902 21904 68344 99671 56269 
678 11
33440 94664 84236 17194 47386 14878 8939 68211 31520 36725 47622 
1224 10
40119 56486 45202 23191 61704 7351 70091 46850 625 70152 
1269 12
88351 83339 43551 16327 69219 42034 65460 21019 84144 65737 31493 7718 
1615 13
72081 8743 48943 41562 16979 2573 98400 2039 79922 81152 79395 50652 83953 
2159 14
95876 5075 42551 7283 11073 73915 5738 37790 3137 26220 99497 4601 47592 20067 
2552 10
58300 8695 56745 52282 682 53016 8988 93487 6884 85285 
2908 10
20969 46658 56188 41295 34005 84953 82047 50659 56549 9530 
3201 9
30259 54824 62462 99450 51060 89925 8566 69498 86729 
3399 16
28034 35814 10465 74295 82928 40973 31740 64165 36676 37944 48438 35323 19469 22569 61191 76703 
3667 9
80618 67393 69139 13608 18478 41337 62143 31002 84363 
4144 11
62863 53109 28661 75399 25841 82676 24065 68020 45036 39049 37344 
5143 10
53407 25487 62203 69451 36913 10096 26250 84398 59519 5084 
5169 16
77688 12931 31372 9265 49902 81107 56605 7598 29783 96286 32860 66741 60266 84648 55356 79585 
5480 17
43927 54781 78536 69440 48773 55859 20817 25249 19780 61739 40792 55509 58589 77432 66940 13266 70508 
5583 16
63516 53929 79473 4516 68806 34270 59162 90531 82006 8187 7432 44755 45946 31047 34931 21855 
5981 14
40538 13890 8497 35899 60168 13581 66557 22909 13949 31851 74969 59199 52751 99955 
6188 15
83244 1470 63904 6076 21435 22434 82998 53838 45607 37085 40909 31166 35967 81763 98498 
6536 13
91558 42673 66779 35677 32258 19140 39187 13986 63845 24902 87480 87706 98272 
7653 12
15142 74535 46959 67146 96204 72998 87106 72832 63045 75607 7168 74280 
8190 13
82179 63055 86973 42732 33263 84964 71017 14996 56899 56861 69522 26622 60097 
9051 14
59432 78181 28675 36707 13561 94431 78732 81217 62255 90296 5714 29362 20347 13356 
9442 12
1360 42149 85227 60780 14671 67455 55842 92568 93120 19166 8825 36637 
9971 14
24796 49050 183 5995 43708 49710 96296 35042 94187 43009 39106 77332 16829 25659 
136 19
59229 89139 44802 13761 40032 91654 56992 80739 30890 62274 59705 58009 96918 71630 26421 98607 43787 13762 82340 
1606 17
70957 22806 70198 14572 16695 443 87052 82204 70712 81083 60313 73298 5223 92791 93400 81745 95307 
1846 13
18047 88545 45443 1576 46687 96310 90456 68503 48915 96807 33501 71831 59613 
1924 11
96748 21520 84775 51494 43103 83603 14053 97887 18224 25447 93873 
2013 17
92691 53835 31217 65444 23008 71968 64823 44499 51428 79480 51244 95549 58155 22440 9792 64668 41015 
2701 15
46258 96024 99187 12255 71792 11694 86873 14226 99502 26007 94087 18748 53122 86529 54900 
3145 17
37013 18558 96033 56520 9298 56795 67669 8138 82833 75249 1539 37118 18257 21898 92592 24891 43228 
3234 11
23146 68210 33474 83097 56990 93421 33830 22305 63563 16414 82700 
3788 18
20309 54384 94356 98751 89413 67305 54710 91594 99265 18810 20704 45294 89924 4613 26619 94641 79613 35027 
3987 13
74591 1696 78045 9082 95453 67400 22648 83090 10272 86824 75163 84063 70107 
4810 16
53927 38517 22933 10910 43072 50133 74749 72468 6652 26100 4283 63219 6539 7430 97043 98001 
4970 14
54697 16374 93042 92407 57228 64532 86094 25864 65783 50590 22227 23565 78365 29620 
5109 16
74113 25680 4675 4518 25417 67949 17428 76245 54197 75684 67954 15093 9836 21327 96380 81424 
5252 12
22191 69887 57648 93958 43213 13382 58442 61595 39537 18168 83512 72222 
5337 16
35646 73977 34927 64465 76649 64741 78638 44852 25542 89207 91595 62762 39789 85424 83241 24497 
5730 15
24823 17026 97370 15805 99539 7350 37474 63395 21283 34036 97162 67271 69449 91283 51948 
5957 19
12683 93648 73285 16118 9519 14059 69655 16538 92937 4178 30236 45400 7362 38263 56863 41798 15857 11601 69754 
5996 11
82015 68575 53352 89268 79553 41087 71949 57764 43453 73667 76764 
6023 11
92097 27053 7563 61444 94561 82460 33275 99298 60407 64872 90994 
6739 9
78605 49017 32314 54695 56487 32677 22177 12013 50698 
6965 17
47221 34661 23090 60090 58088 38698 32742 14819 47653 88753 46549 83632 78673 90661 45995 16622 72981 
7044 18
68706 5434 32077 19378 7181 3822 35737 95244 31924 97215 80696 74382 90484 31676 2768 40101 47887 28427 
7450 8
22218 33548 23131 87177 91580 42922 15695 78642 
7908 16
44321 44520 30794 34104 76460 49429 34323 59497 98041 50020 27706 60343 90029 28502 51800 97239 
8516 20
37749 7934 52966 40117 71570 97292 52095 98294 74223 12477 8108 39338 44249 98274 91035 75237 47954 69865 46251 78660 
8759 17
62324 82684 36112 8005 500 99128 95389 82995 59325 61957 61649 31443 73987 49661 27489 9231 40249 
8861 10
84481 93957 73046 79049 43358 79861 38910 85659 88961 26234 
9101 17
64819 86821 19066 58552 77147 37049 50232 82354 48757 81259 29575 21606 68857 10730 45693 53852 72384 
9469 17
31650 99494 62718 43010 35641 11627 33135 78113 31485 30660 4172 39753 47485 8036 81909 24870 38285 
9487 17
24335 64606 42850 62805 32525 98040 76083 26750 6038 75819 54543 30970 32950 75389 35812 72923 9282 
9671 11
32937 76265 18246 12328 55891 78821 68750 77785 92380 27758 90304 
9873 18
75357 43377 71994 34943 83456 4663 21049 31850 12600 45056 95099 69032 69151 46637 786 13861 26306 96284 
379 14
60701 50125 83468 49135 86948 97853 93399 40299 6458 48493 89172 39454 47267 97232 
596 15
92762 4486 72410 5803 19381 29978 93847 46476 86698 34563 21094 78750 45189 73424 62933 
924 7
30692 63681 59119 2009 9573 32869 2345 
1288 16
23362 34637 6248 48631 17535 58451 75480 45021 44331 76667 68253 96875 72681 31277 73343 65587 
1520 10
70041 59509 34585 24175 63132 32689 333 15181 25451 42209 
1603 16
45451 3401 67702 1478 65493 69034 29990 25215 70693 29603 62512 22941 91212 64885 87388 64443 
1736 14
76014 14500 64976 25645 69424 38986 28835 3596 34738 98996 63766 17055 87013 79834 
2816 12
10524 22929 45160 73720 28229 14992 98923 81484 55708 1099 48063 89651 
3997 13
17696 58924 95705 19091 61833 51323 59100 91338 77846 96706 5721 80548 27923 
4089 15
23728 81364 18207 33144 92034 41204 10863 73313 80200 28599 44781 51237 17923 90666 8625 
4147 13
6268 11132 24947 46175 38934 63804 91867 76138 8048 74226 40572 15603 976 
4376 17
89126 13235 92619 6162 29485 11674 67537 93326 39423 89574 67236 85611 13887 35578 11920 61068 36979 
4387 18
58918 94306 31932 40894 87709 35950 67898 56953 13442 5374 25562 72096 9395 65472 72884 58327 78543 40262 
4501 13
42837 61439 6466 94574 86580 13883 41123 29999 47208 34800 33119 95217 86466 
4681 17
76932 13242 5920 8956 9211 26436 20058 74041 72529 83177 36866 25106 55202 81294 42506 88926 74710 
5267 12
75161 92067 83759 29287 71531 33916 16034 41858 63954 96472 73352 73395 
5439 18
96330 74913 21990 60442 49521 86206 75089 24440 17824 80092 20181 10570 95183 86027 92296 62001 838 51725 
5723 16
71578 12861 57518 63477 30312 92131 94210 24408 38371 38632 62640 99295 59787 10708 43470 64924 
5833 16
92834 32656 79243 18789 20500 87141 95441 474 7966 88336 56234 78707 59226 31143 36829 35847 
6029 18
85567 90447 48449 75020 96859 93137 9711 19924 11396 15123 6174 20803 86811 88249 55830 83667 83137 3780 
6246 11
68475 47975 35090 12292 28024 77570 33834 9343 52410 72842 49176 
6334 13
32080 81539 8278 83404 46690 62950 10336 44348 14638 40838 38419 98173 68722 
7256 16
33739 25935 24119 41554 8926 65158 10760 50095 5014 86858 13834 65334 36733 12778 25048 2354 
7287 14
75752 35972 9724 70999 91452 31373 51665 12943 47716 67875 18785 73935 41289 84244 
7571 14
47873 86307 14748 78861 84042 14527 25497 46106 50211 38860 94825 35514 92146 98311 
7755 11
54764 8084 55723 41405 33371 19806 60014 64581 8982 36466 10059 
8749 13
2101 96812 48870 7714 10037 17543 24714 53059 301 61553 65518 62911 12262 
8761 12
32117 90903 69040 95884 22619 43118 32754 23153 53321 19517 89410 13934 
8862 16
64911 61951 22413 40222 51933 80888 95974 13733 95484 85213 21263 10058 4895 32601 92624 48111 
9643 13
89827 20495 46820 80901 63647 77608 9887 10389 7922 74217 38126 52650 41542 
371 14
48248 62569 12359 76661 368 76161 4481 97230 78025 95536 49930 48435 10165 59367 
461 15
39768 37561 43121 42774 47063 88031 33194 79697 47118 8756 47097 50918 19242 50539 83538 
576 11
27135 96841 61498 58222 39389 35371 16664 68442 22253 35571 47697 
579 6
75165 45252 62224 40520 12219 67171 
1036 13
41086 48263 72525 42501 52614 55088 68330 73575 39091 295 96319 27438 92931 
1120 18
23815 56255 97012 46760 40692 88529 2804 95433 41930 32836 71055 32711 19989 77685 16512 76503 89004 25925 
1486 15
26716 72111 40667 53225 78407 14278 72607 13851 18832 44282 5811 39766 65666 12250 79319 
1548 8
40589 7862 3475 92675 75022 934 97692 60640 
1588 14
51817 12455 73895 27446 6186 64328 38411 98187 13277 48737 24869 28684 31691 59422 
1705 17
69544 50406 45330 54074 27480 55585 26647 22932 60703 28747 29573 10868 85721 41700 5702 26430 20589 
2052 18
13676 51552 9028 23868 35474 24808 47943 81526 9021 17373 19915 67938 67046 41650 90795 23671 4242 3675 
2854 12
49002 85806 67260 6340 1986 50157 94586 82910 41904 48426 66325 21531 
2953 17
16549 5542 1125 33749 65556 86686 59967 52164 90514 90341 32942 39674 16562 31856 40676 26084 15777 
3038 15
77961 87132 35781 39108 39175 6670 78023 15187 77621 54771 6021 42724 83715 87299 88556 
3199 10
31616 50556 55105 30461 52228 88395 2875 68187 34905 98845 
3809 12
62002 53060 1735 42530 86093 51822 74886 76234 57952 18727 63510 59913 
4914 9
156 72650 51134 26633 98086 16410 65108 89836 64661 
5458 8
21729 22777 75330 29942 80526 54394 76266 98801 
5570 9
53291 93673 73603 47429 36077 17818 85598 53948 34564 
5666 16
99373 64346 99441 57402 15219 98253 35070 37384 43426 7042 84008 57680 99779 61210 78212 16932 
5860 15
77344 65811 2073 30580 25002 47952 57872 26810 74094 31262 54545 925 82990 13108 4525 
5918 8
94782 92538 74460 6862 84977 33117 50371 69940 
5968 11
34276 45326 15547 53808 17157 25980 92878 19106 52656 72515 24225 
6088 15
13575 38349 76144 83751 30269 37459 22244 41914 82908 50513 40548 77243 63729 36576 15838 
6197 9
25916 60903 442 16441 25315 6879 63095 16497 25777 
6289 10
24167 11857 93353 25275 67445 9609 80833 37646 757 63421 
6585 10
69992 98000 3145 99268 95885 94505 95266 74371 47115 76539 
6972 13
80801 13346 69506 71093 85067 83738 10341 87157 33784 88995 52281 96133 66092 
6984 14
62488 80484 36779 96671 38064 21336 44630 3119 71430 11186 17785 40224 5775 15373 
7056 13
50333 87270 31978 35195 59871 13906 26790 34265 98579 34090 44962 21399 11513 
7123 12
47465 76394 87999 74271 47314 19489 19726 92478 54767 57584 23095 43848 
7144 11
14823 49510 37322 5314 5652 10946 33668 24144 1796 15389 2316 
7254 12
52026 51035 31243 57522 28004 43247 77930 74818 63468 41589 45426 93710 
7366 15
21410 8121 71278 37221 63615 43530 70600 99933 83223 50284 36123 17681 31079 62596 74171 
7479 15
70357 14401 18725 99231 35496 2043 84395 40981 73378 37020 48569 87337 72613 23657 85975 
7522 16
29767 61301 2928 28974 86221 85693 10837 80038 81844 76845 50272 46514 79079 66881 62507 16835 
7536 17
92010 10503 95902 87718 35450 98889 79130 96573 58226 61391 26634 13087 51572 29614 81698 13067 22678 
7827 14
17799 99920 96711 10263 60037 61070 83929 17720 93251 19289 71907 99721 21813 92849 
8186 8
4106 66406 20166 54686 80745 38853 75246 45298 
8534 12
84520 37898 93623 17498 84302 57696 80071 74239 86509 77373 29668 88065 
8821 13
19272 18327 20679 29246 73000 39946 73360 41558 81453 36554 40983 61562 51076 
9169 11
11520 11370 56712 94001 84264 73787 57665 25298 20169 78627 26658 
9266 10
36294 41799 23035 21046 56308 35622 48502 60879 79672 43016 
9418 18
91655 20980 69177 26456 78381 62226 43477 76325 73199 92734 67217 39933 74813 90469 23166 6337 94844 31984 
9710 16
6781 2326 20296 81390 3434 31160 3849 35928 75325 67212 30201 983 93727 63170 56679 74772 
9951 16
30746 79279 99083 23612 51430 29724 93979 49895 30497 64155 50703 59129 75166 50730 6896 83863 
427 8
40282 97772 77837 50193 99282 92463 77656 43303 
700 15
46696 63109 42168 36847 93756 63296 54636 7868 37842 60993 39180 9865 67210 66592 24597 
713 16
76825 61069 40408 3566 91155 28713 45387 49475 28565 82198 32643 96448 89016 8217 52742 74248 
907 7
22820 38694 74734 47831 65891 45218 65743 
1086 11
45867 60512 16383 76487 47250 92886 67639 42472 33845 5810 35102 
1387 12
7146 83555 69901 47755 82649 1764 87865 47004 69293 1750 33690 11485 
1390 16
34984 16486 93172 42695 27045 91844 10923 52498 44031 77440 77629 21207 73468 54901 36942 16117 
1455 17
49776 84335 83228 42826 26347 28648 12021 18743 57348 39597 21744 1861 29948 49498 19662 75734 69716 
1500 14
65605 28932 42562 14209 43054 82465 8147 19342 14421 68817 88956 9293 40574 75446 
1556 14
94060 39198 6231 10303 26954 91670 70486 16757 67871 40897 99500 30508 82565 18307 
1671 13
9741 90169 88014 63207 69330 19287 69239 16696 21087 79097 57973 3125 60089 
1702 16
93013 48446 93145 82133 67628 62626 93530 26971 37974 83136 52945 96195 54745 6883 41154 44058 
1843 11
76691 55459 79895 54642 20750 43019 92956 36624 60475 87532 28056 
2023 18
44072 19183 89505 14117 4709 71120 68558 68773 25754 65288 65821 32472 80121 3966 64230 17888 96004 16809 
2224 16
51945 41920 90958 50479 21783 995 84004 50268 12718 21346 54079 63440 8599 99336 58266 56122 
2365 11
34759 88611 90331 11106 92877 711 97762 58568 59144 65862 82901 
2468 18
67246 15132 59586 22455 50910 55111 6745 76499 71515 58641 82367 92160 64188 4270 97638 75860 44075 84408 
2770 11
70380 82834 38940 90269 81100 71010 59207 29312 39826 65761 79297 
2865 15
15962 42951 37273 23953 59338 22468 59061 25546 39714 96130 38450 72684 49230 72801 78982 
3092 17
27169 56358 18211 77378 41758 28130 30594 53688 43220 52121 52667 31908 97590 45266 68998 61478 76547 
3129 11
17512 90576 97328 80444 48444 43185 12663 89159 1713 18267 82080 
3467 10
56363 90590 36992 89685 4713 48225 35798 78552 8128 7214 
3560 12
79096 905 7808 72829 43330 33925 89405 69289 9078 32669 50046 34503 
4041 15
36209 61332 7519 42016 39959 18840 96657 94230 1697 60264 29633 30664 48152 5935 58815 
4100 12
51164 35103 29972 61020 73240 18669 80240 68742 18176 44205 87147 74854 
4160 10
82157 57938 55481 97538 45332 97979 49384 87595 2923 33134 
4604 11
82423 12035 96775 63847 97600 2724 98772 39649 41997 15376 5038 
4859 12
72169 59151 16224 16957 41671 27090 33235 71993 86388 97398 3792 33989 
4863 19
15612 89245 21759 62723 45776 99144 14433 84737 45500 23304 95228 2632 46266 88676 7020 55508 16770 83980 79209 
4922 10
96621 49962 83201 62477 81163 80026 25913 34812 93787 60538 
5266 11
32944 22186 46615 13900 75799 69044 17891 7779 18244 26807 45651 
5321 10
43115 47769 16748 57305 29741 98558 41430 72665 30320 29339 
5344 16
71504 98424 30122 98052 35267 900 75513 29585 96473 68654 19443 36148 57290 44429 78143 11734 
5393 9
91217 10718 35666 47244 18262 89816 51966 51831 66121 
5608 17
55890 27604 47547 80381 77152 95222 91541 5011 66487 77270 88551 25460 31736 81161 19034 31023 77010 
5655 14
87254 27569 31623 17713 61881 40980 63330 57935 52915 28850 37951 36539 71214 87381 
5712 9
79116 5529 44794 77170 38714 65409 32655 23199 57198 
5736 13
34072 6524 95208 6920 99003 20135 90598 5729 22150 55280 32846 47874 66362 
5878 18
24235 69799 76678 98054 26382 66952 54676 31596 99054 40835 77185 59590 74694 560 37761 84287 3227 9243 
6314 17
69453 93868 85291 94703 6555 90467 11219 75 89015 51302 80367 55216 54430 83103 24415 28450 62765 
6341 15
15046 47705 63048 31193 16889 30680 99801 45482 11775 33842 88964 65179 13191 99253 50354 
6500 17
25719 2890 11085 98012 73916 9035 78351 18749 53992 23687 72995 4401 45027 99291 20652 73215 41780 
6745 14
62429 60746 88542 47585 35824 42366 780 52664 52174 44584 61366 85155 26657 69730 
7700 14
79847 37349 57094 8017 35445 53053 94219 37318 41648 62642 92346 3172 80107 45602 
7985 14
89738 26172 74395 53066 2 70264 92409 13931 87738 55560 16010 33118 56341 80493 
8043 17
34280 84139 88094 79888 31106 87615 16620 40060 61488 95448 5351 54046 20583 10975 41525 90132 76339 
8447 7
61640 66747 48818 42675 32208 5819 27837 
8493 15
46929 67179 23222 64870 33816 28829 38151 11529 46814 39706 58613 82670 49013 19203 95865 
8519 16
82029 3815 5406 76034 15364 72958 68342 45773 21247 82842 28883 35301 42595 90641 69270 85292 
8586 12
57052 91898 62142 23871 21071 99515 34679 48353 95205 97068 72661 10523 
8679 17
59905 24578 53446 4751 72105 11756 72708 31354 8456 80923 84389 95335 9977 32609 91990 69152 80286 
8834 18
27790 26969 32461 94166 47838 28952 20112 94079 24810 57592 17043 29971 73288 27208 66250 80124 69488 47536 
8858 16
27458 60132 6962 42378 65065 63679 52613 17356 86450 13232 79921 9267 1147 99019 88898 32555 
9050 16
17366 88577 66215 74653 49814 23599 69708 48854 71952 36869 6413 15685 3889 77321 8051 78140 
9305 12
13544 67681 94107 8333 90253 82515 95658 20930 44751 61850 59824 62607 
9421 16
46482 45779 99889 9220 63456 86837 58262 91362 83448 92428 33654 24786 56960 38279 50109 50353 
9713 17
60065 19566 25139 23881 16817 95474 2191 67220 80613 54868 30492 6232 91090 48285 11934 62078 27696 
9739 12
68408 52009 65235 62526 83135 5553 1930 94857 67310 50398 49512 75047 
9848 9
38687 31778 66696 59308 78222 19846 19154 87308 25141 
215 13
57345 89190 66100 66489 57002 75230 94955 58909 80511 91887 73349 85451 53445 
324 14
65996 71708 97225 66211 77340 11697 65373 4785 10291 72771 92172 45972 49622 33810 
363 16
31948 37433 80368 11267 97712 78075 97688 96606 42838 90068 53736 82794 65294 33729 40487 66598 
553 11
85293 24031 41198 4588 17475 92964 68602 11263 86338 47859 14976 
647 16
19201 28501 54768 60715 42512 71328 67588 73330 56933 56401 38027 31548 84906 44367 38448 40551 
746 14
48407 191 96218 20325 16373 52454 73907 79867 90779 5247 52203 43748 79365 52917 
757 14
89299 80165 70386 61938 84610 80031 30516 85117 6899 3877 66258 81960 46077 46677 
871 14
20914 61630 90507 27474 33691 20631 62292 94721 52377 68576 54053 11116 36114 30799 
944 13
3662 37178 73488 56522 77768 59276 96608 65507 45558 38539 73974 76846 90983 
959 15
75141 29825 21381 48481 29854 74325 56496 68767 64001 81585 83445 78376 66893 14456 25028 
997 12
24588 7654 16160 19900 83437 21592 588 54125 17065 4179 67812 56307 
1033 7
22592 1227 35570 59925 54274 35336 80585 
1085 15
63683 27081 21633 88890 77679 53453 18908 98300 11454 84303 95588 80169 61092 65959 62317 
1104 12
58287 47255 41195 17348 94172 3806 3022 92947 77783 91881 62150 69450 
1506 14
43158 63896 10774 26680 98002 35612 11935 87382 71105 95044 16653 81939 38992 45517 
1717 14
70544 87759 18282 63071 27712 42087 50955 30082 21343 4069 31460 64919 69813 51369 
2249 15
51140 60533 62091 135 78423 97907 81317 86150 17447 14930 67000 66924 70160 17424 29095 
2607 15
59797 66276 68756 50563 60773 20853 19986 26259 48538 21475 41352 14038 80190 19021 52364 
3008 12
31683 8538 11958 30813 24130 30115 34054 96931 84471 22516 75415 99357 
3147 18
95666 38394 99293 44216 53785 68113 10737 33718 58389 16008 2318 95372 65986 86080 86918 49251 66151 13856 
3194 10
83891 71611 48668 20979 4095 73420 18218 12605 87799 76102 
3402 14
24221 72049 27412 26356 27345 11416 90872 7899 81827 36767 16323 10026 75387 51228 
3412 10
42162 64487 19567 18833 78420 35233 62816 69278 2961 17186 
3461 16
64719 45251 52546 63594 86615 83545 53146 75743 24671 80802 66513 57471 58934 78432 80472 95085 
3574 12
50312 5396 89510 93652 95404 92606 27826 52862 98427 39596 28310 39552 
3583 15
53798 90911 68581 4863 88876 3620 70855 70646 75039 4142 84632 25809 26736 66245 51240 
3609 16
29244 17561 60040 7937 78978 55659 6690 35257 94112 19745 33045 10344 25198 33616 41608 50417 
3637 10
84024 84656 47957 51291 17408 99429 71024 27755 91186 68597 
3725 16
34481 46234 80533 35324 56424 41252 65302 2746 96589 36373 32565 17487 85083 7157 74399 54085 
3761 18
11607 51684 32960 9296 97569 41286 36152 58738 39340 55676 68579 6914 69288 68646 88316 89142 95687 18111 
4114 12
68591 30644 58383 12081 49120 79884 51943 68075 87204 91945 25976 56536 
4431 14
60032 17664 91132 86464 5799 74076 27275 18859 55444 45797 79125 57498 38796 14772 
4646 18
64540 30050 57217 74853 8376 78733 87555 47445 36223 73883 61007 99991 61592 21572 37218 89958 94651 52237 
4781 13
94795 22539 58752 2412 82957 91706 94454 79472 81073 18917 59558 73475 51071 
4941 16
23630 5467 65735 44392 61401 65514 67072 24442 3965 12352 20211 10862 75003 33460 96750 55151 
5318 13
34553 38493 66705 59135 94052 29359 37329 35842 77232 8678 75354 37444 36895 
5451 9
24619 97843 43091 96027 11394 84604 98744 66624 79931 
5465 9
93477 96489 71758 98642 35703 15842 61574 7394 78779 
5624 13
18406 19209 35700 34798 44821 60144 1647 44704 82425 29703 39624 56038 68793 
5640 11
9164 61560 72413 22465 99638 23579 466 32527 63281 32475 60344 
5831 12
17638 44995 93820 25105 81700 15833 96040 84279 40620 76554 17174 76089 
6116 14
394 86820 89575 72477 80840 95717 94088 65759 6227 88451 68753 43697 11821 45011 
6199 15
38996 13104 22032 84358 44224 96845 1336 65281 65090 22697 36955 68499 57607 87878 35333 
6327 19
75885 69984 28670 17312 13024 29164 30559 4165 73051 54813 85312 81507 30031 18304 49531 20231 97058 44738 17976 
6486 12
11390 23532 91344 6411 47806 69965 44642 9782 71116 62904 91195 46936 
6572 12
64810 83249 59309 54443 28378 43279 37887 58485 75962 79617 42542 30560 
6702 16
32460 89309 18442 19296 36390 25065 65657 46273 22817 75983 76843 41999 8808 81785 93166 50753 
7084 10
16320 25638 25547 39056 47433 38327 93825 70667 50476 38219 
7107 14
92792 3106 21113 91134 31035 55079 52873 78077 36800 75126 99389 1787 34814 7865 
7499 11
84968 51896 26531 17602 31954 41222 37774 73227 19177 33465 42663 
7533 16
22825 49380 50358 12511 37097 32632 52756 46742 54296 95154 70435 43745 69426 43403 87845 45926 
7739 12
11215 42148 58625 93056 43944 18705 35185 34932 20740 17861 91052 14132 
8085 16
4954 97376 81805 55989 19725 92916 58823 21077 75703 75493 24745 98690 87050 79086 66731 31991 
8148 15
77328 798 80619 65106 38314 94396 74372 8749 7387 13337 78940 92203 90519 14128 33056 
8259 12
58106 97998 50849 5506 94676 88886 10457 22088 3059 39833 40306 17142 
8333 17
45499 14071 21547 70740 16354 26207 83079 70283 39055 71629 10462 48976 91432 98635 79174 61673 86537 
8410 11
7464 36434 8778 14333 43529 19851 57785 8529 20924 14717 97218 
