133
998 19
47095 62403 89149 84043 75094 48139 57320 47320 73761 62563 94734 13501 71692 10341 5972 88412 528 84235 87016 
7025 11
52788 33186 98482 76817 81812 19506 18708 19809 5509 52644 10805 
7215 20
51469 74385 30747 96816 71422 40909 26852 54209 44747 31435 71225 2668 13847 79452 31228 5056 36227 43626 9900 3786 
1746 10
46504 48698 56409 63222 46817 97538 13698 87020 85863 10129 
188 14
79917 84319 47202 84003 85481 44499 77152 20310 6047 81597 82222 98908 89969 85832 
2458 18
16162 21568 29017 48316 24281 64735 47298 93986 88267 28094 78002 44793 23528 24514 53647 42765 13855 27462 
7084 12
38219 50476 70667 93825 55157 29223 38327 47433 39056 25547 25638 16320 
1260 15
34308 1607 58931 70737 64855 18680 88867 42899 21423 41850 52313 80964 25041 58132 2144 
6938 13
97013 82943 62709 74030 29450 76333 84281 77630 40588 99245 62044 24203 12336 
9880 10
18267 7240 96292 71004 75514 20255 89178 9624 91957 27620 
2217 20
46501 20262 90451 9062 6107 22787 89459 21551 78480 26516 79015 66 77362 60061 58294 76516 76189 75914 2258 34384 
8506 16
29877 94111 59623 26605 94676 36989 86427 39621 37587 23799 70879 11509 76168 9081 58762 36661 
359 13
49664 1038 80041 81152 39537 41001 30292 62847 29604 76634 82630 52966 13565 
8093 18
18541 35669 39976 93112 46747 22993 97945 11320 5675 17236 3141 15847 1934 84931 34533 70998 53286 89863 
856 10
62957 13974 80072 61574 41637 80762 39745 70262 11939 52078 
9483 13
47098 55325 75360 67441 86885 18557 79184 32281 73736 67279 72211 4649 51661 
7086 16
60001 61024 28469 85069 8190 6844 91905 28057 89110 37745 10124 35275 74887 96257 53624 75494 
5095 16
54888 74182 49580 23429 57603 34202 72588 35743 35594 73565 9341 2442 10740 42635 95402 17113 
4185 14
8813 6990 93389 52885 62478 97265 35744 34957 96749 71996 76789 74369 62473 34038 
4688 12
65546 18266 64020 46551 26322 35209 76314 80258 22999 89613 76017 5582 
540 20
59799 25001 77422 24931 92661 74630 90421 90665 87992 7834 83494 54939 60217 95207 26688 3932 99841 76095 71148 40799 
6760 18
52244 55458 65570 44692 76560 1126 950 85057 10514 98616 62767 92406 77028 84077 55649 18940 39307 58782 
2424 11
58557 83882 79977 96418 88982 89638 59642 81141 30207 87642 37510 
9140 15
9965 53400 44914 62595 79150 61135 1914 30449 53376 53846 89373 65141 79025 84293 9370 
5293 18
33515 32663 47116 10138 91895 59325 10206 84325 53413 51538 9922 47308 50072 35175 82871 35732 63548 77256 
4832 18
5678 4454 5466 93054 58981 68023 75615 69973 11151 71631 33710 91604 46705 41984 19225 8084 17987 45847 
5770 17
29347 6337 87278 86163 82734 66524 42044 92555 82711 67762 35433 7820 31571 89717 38112 57019 27896 
292 10
40035 23671 87532 68442 7376 97706 90971 53449 33538 96318 
9935 11
22836 87372 66251 1122 69125 24775 95122 90786 19425 4387 16590 
9594 13
96570 49825 37354 11306 1221 43417 22896 2750 47670 34718 75931 45703 30010 
1196 19
65784 49692 78667 75906 20232 44959 74139 35100 65261 32901 57301 64886 43066 1790 98626 58752 73981 11075 11503 
3885 20
3729 50866 88956 18516 63961 22060 53339 86846 76958 76056 24058 22404 73569 20905 11551 49921 36483 6336 63370 45779 
6650 20
48210 39747 40209 35527 42801 68771 48680 76938 48965 45180 71887 24654 20578 65651 19097 66902 61723 89785 95778 89954 
1087 12
37825 95491 94819 5290 86891 44254 36215 3238 60066 45787 74625 83757 
3807 18
93552 30255 50535 2094 25031 82904 9992 84561 13661 36883 96940 81930 69343 36929 30310 3602 21496 94159 
4469 17
72300 28881 79885 90234 11870 62532 2358 58366 76934 99739 3600 86224 50788 7916 53447 66599 1135 
8836 10
70580 58601 51908 66965 19360 76790 68117 34214 24580 89499 
9835 19
8440 70311 93928 19439 11209 30494 99419 68441 91263 46300 26071 99155 29292 72948 5566 36816 89911 57544 20168 
4111 11
56350 54399 57960 23883 13772 94805 88319 63071 49162 71337 22491 
2660 13
36716 58115 8267 82920 68339 95016 60577 62084 8880 40431 45460 43402 87160 
3714 13
55172 83633 51719 22840 50629 61670 11653 77854 88587 43121 98308 59209 76085 
1461 20
9608 52474 99307 43987 85090 29537 34357 1361 3923 21944 70627 1468 48803 79817 7516 88679 13637 65716 34435 36474 
9456 11
47927 11535 38204 56902 81447 16271 10131 73650 75800 2234 26848 
1773 15
61380 33405 93441 83220 70494 13491 79246 23778 56875 16687 79356 13988 18163 73845 68833 
9931 9
27343 98582 66129 77884 99481 36482 77000 62769 33918 
5231 10
30225 28790 84444 95549 15254 24124 97909 38409 90980 61535 
5586 17
74123 76418 71101 9494 50438 85824 57945 58604 71682 45600 10871 13498 98927 76705 21117 70780 85092 
9516 20
15462 20852 69081 11898 70622 77075 27814 19298 92026 72198 62174 66578 82412 87026 63077 51247 77661 34582 0 36278 
3105 17
10347 99072 9094 72548 51583 42544 44849 67362 53895 70589 83542 8838 11446 82604 36374 30762 3124 
1604 13
28525 22059 1092 77999 27608 51131 39403 95828 83623 89845 97157 10192 62895 
9245 15
11431 97961 80918 3719 15629 46688 91388 73886 69224 44212 29239 82845 97222 68999 78992 
8392 15
36885 2231 96203 95714 32513 96946 28228 6519 99981 20066 42060 29951 41824 80643 69215 
1720 14
34595 8264 1391 93875 29349 98197 53817 10688 57852 14527 30209 78488 455 23392 
8725 10
79366 52394 35704 49926 42803 36557 87907 50213 72158 54581 
8983 19
94589 45432 56183 79176 91117 48673 41029 340 12451 26723 57420 96859 3441 35583 75827 46498 95648 60477 4729 
4338 14
18888 26786 40121 66402 87141 66192 95483 97290 96508 54172 6983 69100 14361 75523 
1734 16
38549 10783 74614 73006 65729 27473 84273 79521 91141 79536 65978 20038 36634 87780 66980 78616 
6658 15
22660 20548 69522 22673 35885 64619 38461 68403 62393 1059 22363 83270 18744 76036 27508 
6886 11
96184 9162 98641 63331 5969 58564 73537 34128 27227 31876 18228 
2559 11
78024 37454 40333 95163 28108 10354 26982 79821 37079 83119 84500 
1337 10
95636 52654 85978 24026 4037 92650 3771 97214 40479 40083 
765 20
14281 55569 88594 5981 75525 3914 77002 11814 61130 98221 55065 88755 9582 43247 56285 94373 60530 75930 38161 32747 
5457 18
88707 89720 42465 91022 36781 12019 37520 66555 44755 58357 11439 28503 31449 87210 2267 9415 12629 39050 
9685 17
96835 34521 13031 53695 74253 78940 60978 59063 67825 16817 78120 73943 63884 64921 36078 44364 9847 
608 11
5002 30618 29875 72032 59698 24148 6972 90112 2756 51100 33098 
3476 10
87607 40007 9968 20795 44978 47832 95306 55129 83027 39210 
799 13
74159 37197 13461 36640 92634 95566 3285 75466 61794 89529 92378 16068 74999 
469 14
23247 84310 15709 77048 66047 48462 27873 30208 93848 84662 85902 86917 78586 88170 
6021 18
61695 22100 18391 23825 44920 463 90349 25080 8951 94766 41137 16629 56595 8684 77141 26753 22603 91498 
1534 17
97685 47845 9553 25735 17904 10656 70383 21862 59026 52251 29867 10363 48722 37430 78440 59537 26320 
3898 15
76371 16103 62917 67868 17326 44919 26480 22256 46580 1477 41707 26654 85391 98194 71621 
4357 15
5231 16512 34831 4513 60369 51822 73052 14906 69174 50562 94566 87813 32080 62584 82032 
9861 19
48099 41947 48795 91812 57890 31736 73315 96143 16663 67306 21458 35112 22986 91849 781 39962 83404 27791 80881 
7448 17
8036 10205 60299 32091 87961 91450 74924 76218 56963 43561 61332 51398 81538 71722 688 13613 8312 
6343 10
34845 53687 1179 96975 73914 13754 73964 46864 94160 84505 
8142 19
70724 56319 83019 11043 91181 38233 26458 86767 6593 91205 7751 60510 40455 92171 38262 21499 60521 96689 78912 
4723 16
70995 35634 7505 3802 83749 56173 18504 49368 41290 82517 70715 98470 81918 14968 87516 82731 
7726 18
85737 26720 44950 44524 65491 52019 91734 51359 43404 82992 63936 29087 88213 9587 61424 84050 79952 27 
4724 10
10120 27207 61668 88888 93002 89948 30970 45997 70830 84899 
2106 16
91626 37847 63287 3755 90519 54394 50344 90324 90611 98254 58317 25304 31861 71576 45877 35722 
6551 15
54994 21946 17053 41145 44941 22292 19413 8213 39798 48500 40626 44445 74055 25067 14171 
7507 17
53050 4617 50783 9985 99139 92169 50183 51049 41221 25016 98516 80468 52308 11511 87065 79304 78165 
7974 13
88310 46572 46166 74034 20571 76647 71379 36882 45484 26355 27448 26314 59320 
6670 14
44840 32372 85491 5932 48496 3741 42836 93558 58112 93926 61304 23424 28080 22441 
3710 14
77997 97561 64668 55705 71603 86684 38676 39019 57110 93860 40526 57493 71177 54751 
8405 20
11318 55744 70616 35887 29265 54822 86386 23404 14680 15557 2869 21434 4455 85493 8937 94531 17767 27052 75782 62327 
4015 14
38668 91003 60723 95801 56499 55039 96517 76833 45670 86133 53779 69429 36109 2852 
105 16
95504 68037 10607 24002 45152 86995 55294 64936 44148 88984 26600 94910 48768 52938 78249 51447 
1172 10
73063 5600 73560 43743 39355 53936 53813 25746 4972 5986 
5030 19
43874 63887 44278 19728 98456 99897 52071 36144 30735 57136 10444 90423 53718 82133 1763 66633 8186 35724 36814 
2858 17
48459 61403 8311 68927 50200 85433 64732 75361 78188 11246 79980 24919 71731 97550 26167 53982 42319 
7397 10
3362 2779 1270 89691 67102 73686 36607 2960 56974 18966 
3813 13
62371 68484 68995 6348 31940 21777 68653 71972 39629 20900 67139 50517 2457 
8911 18
23710 85150 7754 90991 46517 42451 30729 61181 30595 73829 59944 44260 13817 84208 11295 70231 51035 24193 
2134 13
107 47446 30015 30167 1905 17122 23236 42287 7037 43923 40822 90345 54560 
4088 18
32152 92967 75991 8397 8920 43684 72538 86814 83481 30218 26006 99266 10782 16812 73323 38110 42689 80579 
6382 12
36508 81280 13221 73602 86149 5911 50175 2412 63680 80165 4884 22521 
9732 18
50564 23923 97694 97489 5122 21619 16150 23745 30621 27469 14832 91031 59657 46395 45457 68587 70399 34279 
4472 12
13360 6311 91501 96709 74212 44076 24982 77229 35070 68847 22 11639 
774 20
89023 69604 7378 38624 66742 61211 38024 85695 45591 24331 26450 52718 76467 78384 47312 43315 77177 92333 71319 29855 
5078 18
24035 80054 36515 50989 43560 39408 3095 96943 44731 37791 90601 77101 51291 2485 61270 54200 27475 70389 
1990 16
51128 32968 14021 55240 37612 86013 17487 93908 66203 54740 72717 73552 81657 23667 56703 72533 
7188 15
17210 82229 84688 40357 78360 58868 36450 5374 70171 89033 88119 21481 84057 81440 76337 
3488 13
90475 15548 33760 22876 43815 1852 40038 52642 21612 94169 15889 64792 77277 
837 16
61215 82321 31301 43033 33419 4961 21657 77 51871 63424 37687 60181 17330 8202 75340 54275 
4836 13
42800 17574 47155 52640 38026 35219 72803 15298 54472 39400 17933 21989 73557 
1693 11
27902 50156 36505 26151 87171 72509 87726 16215 70070 55806 70386 
2165 18
42089 83067 86229 34557 92114 25994 7075 66297 34105 14905 31140 30023 58770 34551 31359 15537 5751 39897 
9611 10
79668 43793 51094 6075 4095 85543 96531 27951 40142 5396 
2701 18
54900 86529 53122 18748 30546 94087 26007 99502 14226 86873 11694 71792 12255 99187 96024 46258 20053 58852 
5423 17
59012 8351 70050 49455 94963 16272 1773 55156 9815 1409 45970 68353 35455 46430 31739 27803 28551 
7570 10
93250 64140 5765 88002 12513 42059 64384 41564 48156 71170 
2297 17
44219 34902 26037 70960 42504 6718 5511 48161 72402 20451 54343 74118 61759 67018 19238 98491 32352 
3001 11
76102 76514 15816 56627 88659 98858 50454 568 71342 14190 20996 
3272 11
23647 25136 97935 85894 58213 43456 90433 74389 76784 15559 601 
2607 17
52364 19021 80190 14038 41352 74969 79583 21475 48538 26259 19986 20853 60773 50563 68756 66276 59797 
1423 11
97048 11345 15777 20777 78448 23812 69115 94907 6473 76883 54274 
1478 19
16541 88154 94760 3165 99281 89956 94114 40915 70272 11030 16091 29280 21990 59763 31959 95287 56764 81910 29736 
4852 15
12366 27830 38938 2400 93044 31746 35603 4390 90585 20901 42668 89745 84594 5475 52632 
2509 10
99990 16645 63796 17423 72907 2006 42915 15991 44888 14228 
6876 17
5837 44480 16926 38198 86327 69718 87353 98667 8961 96704 91567 68459 20933 4468 11357 540 84781 
9655 20
729 55741 15376 84734 67826 33270 79034 8161 42456 39298 4082 98296 93696 70360 83965 61251 71926 5944 7165 5292 
4342 10
84410 48576 7320 96372 80512 26257 9722 97724 63995 80835 
1883 18
41480 12144 97496 18921 87919 35036 34850 43476 53033 57105 93831 87448 46341 8527 55701 93686 67858 54108 
3610 12
94541 6501 65902 68869 25774 88534 80778 62125 3791 79792 26780 61737 
5321 10
29339 30320 72665 41430 98558 29741 57305 16748 47769 43115 
4953 10
28393 29864 94086 850 55370 34441 32134 19361 67874 35799 
3065 14
67243 18806 72236 54699 78668 57986 57157 13897 9538 61023 57679 46943 88681 36925 
4098 16
49344 45209 33519 11661 85550 26434 17403 16934 36776 46523 95258 29401 17986 75618 65532 48893 
7136 15
58694 39069 2431 76923 70708 9798 7522 82046 96514 68468 73445 55585 47763 41004 79529 
9274 15
59556 77358 28911 39268 82927 36754 84268 35871 6087 72563 84407 92191 72297 10834 91351 
9697 17
85714 75307 79986 24677 49633 24642 2671 92546 47004 12457 50677 4436 29846 10223 87488 28009 92789 
5469 18
24373 80793 34624 65340 71115 81175 53581 6240 5116 66396 94990 66309 95665 28439 61342 71779 90219 41959