196
6112 19
21317 87586 57834 95722 96465 1051 40142 54018 78666 6901 47382 13248 31668 61716 27539 86659 95625 93072 71160 
1764 19
47404 44025 65649 11406 54107 77315 20779 14379 64281 13065 56196 21325 56985 56758 12587 48550 14640 65781 12597 
3597 20
40462 30212 95110 43268 15572 44464 11413 10118 37962 76133 90138 43181 26650 84345 90342 82493 12667 73670 55285 59146 
4255 20
81866 86820 56287 86341 72649 86205 43634 64636 77860 30433 96564 4701 67242 99761 82795 26711 80831 49819 63616 36939 
5294 20
87435 95852 78911 93228 78899 16698 77661 80627 98765 42723 24523 35912 28350 22848 93883 99504 14456 48438 22139 48322 
5172 20
51447 57499 4624 78612 70466 52269 6742 17102 52564 57587 40985 22553 863 71104 45727 8430 24432 67828 5955 32583 
1401 20
21662 36831 18325 32087 99567 40839 88283 25313 59882 89744 35776 650 63603 33765 10209 4430 85309 63672 77727 41249 
4271 20
16292 43577 24347 20987 26395 61454 18754 12340 34348 68113 48279 11583 44465 54256 86717 29450 71604 49633 28379 1111 
1542 20
48422 32276 43483 37154 57961 88883 41059 53326 91068 41041 50781 35572 23501 47800 2698 74937 46442 86246 20852 25437 
5006 19
54408 54828 50106 68314 21514 30427 91079 53649 6050 25614 12938 18289 57867 64415 76702 46101 95257 35815 39830 
9582 20
80930 79771 91380 49047 71517 84645 18295 65333 72460 62732 76051 38096 57117 15781 75325 82593 26027 72058 68781 25539 
2829 19
77091 27028 91436 60182 74154 85080 9546 8252 41562 13207 97508 91369 85274 82823 97725 56084 85013 52043 96141 
6910 20
1819 1461 29866 84035 24360 92039 34096 77514 68231 29904 15916 59656 83844 15432 42546 74100 30148 79901 72794 10629 
1959 20
33065 66986 79779 37814 92586 15504 37462 8816 30360 6488 65440 30904 26841 80465 40740 78377 22070 58849 2558 26926 
5287 20
25182 28737 85930 45300 80276 27536 3206 10141 84768 69034 3028 70320 7137 74984 74627 8987 25386 61540 6389 78017 
2935 19
79361 13418 34906 75105 91478 37916 29005 89387 84668 37879 44126 89879 34047 94414 14544 7784 63695 68413 1992 
8696 20
35619 45104 44776 86267 17085 89554 3876 87902 38304 24855 77630 82092 78115 2284 82577 94634 66416 42488 5076 65791 
1598 19
11607 13254 38763 51557 10902 64519 30557 38745 93254 9729 34493 79514 11831 76495 56326 3331 17390 57788 81280 
9692 17
991 12574 90107 94674 59362 89000 4046 53196 17138 49181 6893 38246 70740 10196 45235 44492 95232 
9806 20
3034 7833 27565 5897 66069 66792 23799 91531 48636 63040 51194 25166 32539 75753 17347 90405 26491 45685 5999 49240 
7901 19
10970 29395 83517 26579 58602 29644 57830 51089 57998 2992 46423 83308 99186 18318 80845 88339 16893 72008 88594 
7815 19
29279 83165 82861 56576 21168 9755 79735 5927 47844 48124 13176 90719 6691 43089 65395 99502 35113 90067 69558 
1424 19
35687 62620 5751 75603 74316 70030 18512 88092 60367 503 37377 82775 78366 75658 88949 88912 43196 32595 76808 
2493 20
33551 79579 4729 43399 39918 33432 63953 32355 74389 48818 42085 15829 40108 95617 35806 8519 57871 76814 83473 58246 
9294 20
42080 72711 16973 96726 23597 68640 97076 42870 89243 7009 57516 37909 747 37479 48181 54341 59429 87581 33522 57295 
1750 20
18814 80077 97517 91723 91749 62902 74833 84480 70715 28733 68603 68908 10305 11023 64392 7149 41618 54370 3419 44587 
8407 17
73812 1674 32342 71975 35536 24530 49023 13322 58976 61032 43528 53003 90837 553 71533 36215 29682 
4630 20
91356 7100 57171 43959 69243 368 84719 84525 66660 28823 79817 94786 7177 82768 29479 48216 47610 72945 54033 67946 
2644 20
45568 25465 76246 86827 8260 25096 53516 35291 84739 45494 57696 45285 35476 86734 21544 4356 6193 27945 43777 91944 
2995 18
21413 74081 1247 34544 52146 43436 9318 19261 18246 57138 63121 30202 52134 19577 30414 5441 84242 5274 
7358 20
8226 6016 41726 81897 46729 65508 65619 36550 63957 45114 59605 34271 81543 47834 46203 30585 67570 34122 51487 88944 
8046 20
19009 1801 53710 47686 67877 80588 70965 59572 93679 13731 35624 53756 23451 70753 48638 89532 9462 52846 51652 16932 
1364 20
46785 61473 9703 53457 22118 67215 6637 5480 50191 16602 35016 83629 13278 36175 7442 78179 43337 18075 95115 31631 
5621 19
52140 32620 19098 7845 60026 4633 27127 12746 14822 59919 91081 45934 80098 78307 56717 34928 3209 28194 94534 
4139 19
37278 15677 4532 29502 99384 98735 54109 56378 66706 30583 22546 17427 31160 31040 81556 58217 49140 42697 88407 
1606 19
70957 22806 70198 14572 16695 443 89988 87052 82204 70712 74681 81083 60313 73298 5223 92791 93400 81745 95307 
2830 19
73779 43765 27169 2816 85802 50999 24754 93477 11521 52506 81508 66058 69904 2023 22923 62515 74125 3571 65030 
3015 20
55366 59103 18432 34807 94206 34244 44696 84758 4840 45093 56574 10788 45619 12014 50932 62459 60802 61320 57506 32227 
6727 19
3037 68367 169 46683 20419 27475 71129 89031 33345 9678 62815 33423 99493 35650 9975 53500 751 89985 99419 
3340 18
89643 82696 96673 54815 23964 77225 8177 76201 37866 7453 31484 66710 34884 64382 45755 46621 33191 1489 
5073 19
73007 48921 1651 70780 17662 45208 41490 61732 36875 40888 10573 54000 21584 68016 30100 92389 1600 86595 46035 
9530 19
78919 59229 30646 46332 27657 65930 70247 94433 71577 72234 84206 5518 83438 3263 71665 3782 91234 8645 18334 
6712 19
87917 28022 10214 14454 4014 60773 76611 89403 15454 4260 36804 55337 62255 85203 8461 90135 82890 72059 21673 
9242 19
49420 21470 74072 37102 78355 1941 54825 37862 89260 26479 52262 31590 10725 86748 42919 6430 33400 29313 3638 
4275 20
46631 60857 63686 80892 86342 47970 99148 21220 70417 71821 2809 4338 32042 39744 95189 86091 80800 93416 98905 92110 
9805 20
54566 205 53462 25462 3203 77204 55021 34639 60084 63350 85938 64975 69928 20438 82251 30928 61658 57977 23730 30299 
2611 19
20379 72537 29310 97483 2013 85641 57813 30014 35787 52184 29626 42207 20784 75980 71017 46689 55573 2252 70329 
7219 17
30095 80035 10232 61498 83244 65577 8046 79025 99905 6933 52610 56374 81402 95844 76261 46688 10771 
3525 17
60690 22992 53202 39839 33222 88124 26248 28338 9648 72796 5122 89782 54655 97816 80204 11729 99793 
5928 19
6437 89184 42070 6800 73704 58680 98020 16327 30727 58003 9901 70381 92971 71629 93169 46283 2104 89660 48786 
6977 17
66128 32183 70449 71114 50143 34286 75975 32393 26326 17293 1942 99975 97203 16614 48057 70124 99006 
7412 19
68343 59333 45165 52651 43542 5212 94954 33887 69932 33927 86753 9474 55422 31548 80424 34867 75750 17176 13706 
4433 20
64294 46541 94976 51203 51197 53097 68362 10802 54230 12864 84020 27731 43036 23365 63561 29276 19352 38711 66206 66372 
3523 19
61656 6594 85122 40136 92911 69437 672 89143 49092 22389 82484 66494 56113 39469 63837 46939 83589 14623 55861 
6832 19
96968 91032 72490 99670 80719 59365 25371 935 26356 18282 83082 86543 65767 17907 44438 39171 22132 20256 25364 
2468 20
67246 15132 59586 22455 50910 55111 48757 6745 76499 71515 58641 58943 82367 92160 64188 4270 97638 75860 44075 84408 
7218 20
75619 53763 17868 42873 41014 91340 51664 46565 67526 32922 9385 10604 19101 45458 68180 21624 7404 49821 58235 88476 
7834 19
58700 63472 42104 34715 35584 43920 54148 15667 5965 51735 7810 60732 28688 19199 49481 66811 17644 46790 8043 
6247 19
23903 93861 87397 68930 52998 13773 84919 97839 39781 43826 87127 1016 9586 82602 1267 17357 57766 80219 16436 
2442 20
98604 84503 25730 48399 73543 99505 48981 58775 27609 31444 48214 4533 40660 16400 72868 16842 69852 62385 96549 9663 
4413 20
20941 10327 3122 28378 49728 59260 7199 46770 14730 57058 20025 86589 84151 91694 32534 68090 37650 66666 7762 18639 
2664 19
52093 54995 84514 69525 70202 65434 57718 47150 73448 47589 80596 57976 96111 31295 73485 91693 60287 30059 39531 
2384 19
83871 89392 74373 92352 32593 28226 75040 15032 84077 65527 72828 44035 34763 40514 6258 40138 66377 47168 52570 
1561 18
30326 71237 38789 92091 25619 18027 58267 92126 9880 16710 37006 87458 53032 16984 90433 5669 37612 27889 
7040 20
61395 10448 63916 26840 81695 18632 20104 6429 68762 52031 40241 9114 51633 12011 19113 15896 95228 40704 36601 80914 
7541 18
5324 19940 11479 13215 20145 52966 36106 83579 90316 38348 67202 86275 83095 39512 93685 89555 9812 36777 
9583 18
38361 30952 42148 25138 22618 91996 70184 98534 84306 27934 65819 982 96922 3971 66941 11881 81479 69681 
7389 18
88532 7893 19237 73191 77292 8061 57523 65733 24479 28797 96539 55750 43180 52922 6141 50251 18996 23459 
9269 20
86757 20210 9353 50815 26347 23676 93686 96352 76753 23128 37052 29253 59944 26592 19235 95977 17441 16975 57458 22497 
5197 19
45343 24753 40458 86398 58313 35091 39479 23035 79138 72674 959 92028 31799 88446 16340 22871 36950 2237 69462 
8736 20
21646 8865 94262 80692 49650 69455 33504 66827 33706 350 38512 16084 85576 11859 90079 60008 5591 51427 24446 25964 
8117 18
4576 54384 84635 82481 82206 86052 45061 70570 85583 87340 25506 33954 77852 14959 25582 95339 42394 97180 
8750 18
51553 34853 38092 58401 56668 88161 7264 49185 83312 87766 22364 32270 44610 92134 9468 74777 31847 62683 
7833 19
80729 81100 15040 75439 28263 13413 27970 6455 13335 25955 76171 17284 55296 951 65603 77924 82706 28929 96292 
7988 18
54800 11809 73737 29220 77953 60842 56908 78125 74963 38340 99324 71914 73639 99652 92503 56061 52276 6005 
8839 19
73517 13780 93992 11548 81713 62467 17418 61444 25692 80409 4964 15830 66404 30601 79479 48420 24954 25978 76776 
7484 20
30428 6999 499 97413 33899 74915 24604 1233 33011 62288 51693 35042 94567 31262 83090 68859 13048 89053 80159 27513 
5469 18
41959 90219 71779 61342 28439 95665 66309 94990 66396 5116 6240 53581 81175 71115 65340 34624 80793 24373 
6185 19
43886 10957 64503 26521 88182 94908 13777 85140 80553 39140 75533 1550 81670 50605 47875 53631 4259 92901 49168 
6020 18
38495 38747 65581 37584 16329 6235 95373 7074 67998 25232 95225 141 35028 77779 46814 20367 55774 5209 
7709 19
99195 24499 28069 69407 9816 71892 58854 6194 78733 23021 56021 67654 91415 53259 88615 70512 80735 37972 17174 
7072 19
23190 95736 17708 39286 3659 96718 60880 95521 23931 52746 26289 80706 73842 28666 14344 90714 96889 97556 72820 
1465 20
6159 81711 71796 74811 30721 29361 82355 50666 52286 96 33539 45149 78843 38758 10613 44199 90912 7543 19036 18009 
1340 17
30989 2184 79385 26338 29399 66307 7179 83278 2239 7227 11220 46563 56105 9369 18235 42587 70815 
2922 20
32682 30076 45653 19408 42405 88220 72829 26814 75524 16526 33656 9446 87058 33208 76311 72305 62828 40862 51794 53663 
5628 18
56090 93725 50978 49668 70848 2466 65347 98738 42200 37945 62968 70865 65848 60959 19434 77697 42494 20184 
6464 18
78557 73781 58880 71231 73743 49221 42483 37271 70117 7568 84763 66338 51166 88610 42093 7421 19163 8972 
1262 19
59548 37217 91379 52936 12010 99440 21917 89874 28974 81930 93039 89597 60418 97293 91993 63823 15082 4865 76659 
8884 18
90230 59177 63572 26684 3550 11645 36919 20310 67226 96767 42053 82713 22326 12151 6991 55880 94654 68993 
9636 19
66300 13836 94382 22875 97065 45399 81091 8473 11817 26596 14039 3261 85429 52435 74739 7273 4076 27211 77358 
1215 19
11905 72463 66450 93761 76553 72157 32697 74238 4878 38052 92420 51428 38005 31267 67496 78323 3191 28288 87296 
974 20
50584 81788 36841 18860 95871 2107 8501 18023 29246 52218 90806 59834 5647 34577 44538 75170 50200 59541 81697 52876 
5639 20
83004 98037 9399 37394 54255 40505 56052 35423 36910 48368 34598 80119 47904 3492 93994 10915 5820 18113 6993 24597 
333 20
14167 66077 85210 54340 26728 17375 65703 77281 16094 98009 629 56452 42018 2253 22979 83552 28898 66274 43130 56312 
1551 19
57630 56068 37223 9404 57225 8504 4790 2684 97317 68416 88606 44066 60973 97265 34746 12481 51535 41567 21609 
1928 19
91387 30272 71206 13849 2137 71220 56262 98559 37082 78401 28227 7612 16058 29389 9633 97196 35298 99276 83502 
2005 19
95397 94316 79354 70907 19293 94802 85118 26904 77068 36257 31161 17246 65171 97916 78552 21358 57394 84815 83642 
1420 19
76512 27803 26410 18028 72371 28783 88102 74425 89894 20791 11526 24206 24401 46426 80524 39276 82035 1597 84686 
8924 19
12031 37607 75238 70709 11531 35164 63884 4045 74346 94983 39946 82408 19112 35280 43711 36417 18916 60589 3317 
2666 17
33667 60452 55114 24085 95190 18220 76598 26796 86730 77976 53405 78768 88819 25484 4386 15898 29143 
1692 18
12711 51199 1643 13679 56466 17111 19384 87509 75801 36480 93036 56858 97683 93935 68516 3721 44581 45606 
6263 20
29130 55483 87009 6859 94082 28689 63022 78035 17914 6514 65865 60147 55536 79926 55235 80246 84977 51412 37903 83442 
848 20
681 76562 71790 26029 66596 10699 19413 87597 95698 7640 28295 69839 80884 74184 88991 4371 26788 96781 94950 1508 
5608 20
55890 27604 80523 47547 80381 83487 77152 95222 91541 5011 66487 77270 88551 25460 31736 81161 19034 72801 31023 77010 
7793 19
20711 64014 18067 73878 76578 61304 94310 76605 85846 19140 72487 71042 58735 45180 32914 74441 72328 31285 32793 
4482 18
49467 54183 10365 97425 79991 90221 89662 89503 81854 67305 57388 44967 44312 93118 50173 44553 24692 78570 
3099 19
98898 33907 540 70860 23576 89187 70395 13117 95897 80302 73481 24562 67095 45758 75284 91092 70504 11896 19156 
9998 18
53242 14081 85931 73064 7193 23867 7541 17066 97190 32067 93052 31316 78073 865 39237 34701 85027 64416 
9847 20
40102 53569 49572 25360 83320 76930 96190 11764 81346 98774 83562 67470 90236 51583 34886 42249 31148 86436 37905 85170 
5272 16
37152 6228 26000 54677 14946 18631 83652 52185 49264 37339 38740 37519 79790 8396 50995 82744 
9060 19
17460 91847 85768 78524 75184 15588 58438 32288 49125 82115 73534 30539 2832 39421 51498 28418 47744 3631 21954 
1590 19
91546 44930 2134 23648 10382 74549 9828 80717 90864 22519 2770 83061 8255 27041 67334 16264 75650 39080 94592 
6350 20
91967 85008 12098 95651 74719 22137 90683 29478 88930 95079 29897 28244 13595 80162 77825 51631 91017 93115 48297 81013 
6408 20
96625 7013 45766 95538 97811 96312 67157 68047 75829 20727 72073 35842 75512 89199 1689 26662 71706 93948 88726 28955 
9980 19
95073 65284 18809 67749 65687 93626 7725 26187 62181 54620 13131 29629 75845 76719 64647 27823 71117 678 90109 
2804 18
94527 33230 75044 15559 70212 90984 59683 31996 99331 58257 93924 3882 95493 98398 21198 33613 60222 99392 
6550 19
94970 97138 10051 35700 31067 49892 65313 11530 97857 7958 93066 63103 12759 33058 80912 57286 85050 57527 16395 
9536 12
96470 86746 7034 47966 98834 43091 38237 2979 37821 96880 40451 78845 
6588 20
60125 88210 19537 75995 48982 50826 49067 50809 7618 42352 66794 98341 1988 82960 38766 2159 75758 47631 37636 36766 
7557 19
31883 98991 45739 56578 86238 89518 40655 4837 38895 61791 39949 82235 71193 75834 6468 90708 23140 31895 21062 
3301 20
25109 89106 1990 31788 96993 19561 8738 16442 40547 4023 4947 38908 19556 92476 2972 87044 71697 17449 35755 70229 
7164 19
16300 51927 46932 93598 11034 22616 51026 11250 1665 26683 11969 92743 59655 89788 4667 15824 1126 32675 43695 
2253 20
47500 16297 89202 55119 89178 41436 25107 96855 15369 71521 225 16480 73192 77523 43078 40755 97419 15113 37203 92577 
1132 17
12537 93410 33770 47465 91957 54808 71646 32146 42644 88903 51733 48298 21363 21533 84502 13228 105 
4241 17
65406 22983 57750 63342 28901 80956 62174 87208 32512 39604 94093 64581 69432 23074 72229 5812 16678 
8093 18
89863 53286 34533 70998 84931 1934 15847 3141 17236 5675 11320 97945 22993 46747 93112 39976 35669 18541 
8384 19
76168 27699 71023 79781 90223 84313 24067 67329 15212 84933 67804 45614 54344 4986 37923 69826 34713 81966 89482 
55 20
52714 37240 34149 79878 30930 30150 88101 95128 26334 13647 12794 86566 49673 88825 2612 2172 54182 44334 462 68662 
4172 20
93456 37227 73170 61291 64796 25870 89841 1809 375 34144 9431 24224 24564 76277 81230 67135 95094 87093 11279 76947 
4206 19
50700 46055 37183 72813 45825 20205 60437 29475 4095 15325 21535 18792 55755 77600 22621 77130 51832 19469 26379 
3240 19
3239 58788 31252 88967 24970 70624 41151 63771 40965 48404 66073 12530 2140 28472 60493 75140 95905 59117 31503 
6718 19
1672 46024 25050 22505 86973 73545 45002 49208 90174 65227 90812 48788 6306 14462 5870 84004 21013 38427 11486 
4646 19
64540 30050 57217 74853 8376 87555 47445 36223 73883 20136 61007 99991 61592 21572 89107 37218 89958 94651 52237 
6688 20
90381 36135 9103 31997 89247 92751 91244 61095 94490 83085 81121 49367 55025 22578 31119 91570 64789 82872 79150 31499 
8154 20
31914 27950 34487 72355 38818 74864 9166 54153 60927 96609 2179 69752 3812 12247 9824 80683 23026 21478 7591 36818 
5883 18
36814 68537 30065 87478 39790 85585 31854 46693 52764 4846 84184 64138 83191 7641 16870 43798 97060 5749 
1946 19
70491 45740 94673 81283 94057 16007 37602 59859 18216 26043 61933 5055 39379 72024 93984 43211 70889 6934 34940 
1418 19
36158 56241 48647 41546 70987 26719 76551 80455 45974 37168 40677 20226 76713 55364 5959 49730 16675 56066 84881 
3313 19
15087 29810 39101 21240 78315 27001 16056 55400 69247 61534 27145 76838 97791 29372 86764 13500 54001 15393 12670 
5673 18
81990 5547 22496 91309 89370 7076 88499 31897 30761 14906 13124 82515 61293 22702 15124 67506 40491 13898 
8964 20
35362 76338 96959 31142 17605 15675 97490 83880 80136 43860 80145 58163 4600 93683 75538 88448 9849 9673 53561 64755 
9011 19
36209 59915 91445 66746 93635 97859 84182 21190 81030 41392 92274 18690 21777 71955 22287 31352 68078 28280 24903 
9870 20
34553 59381 84963 98810 26958 34399 91285 95460 40288 7031 65133 27792 10416 40333 35560 99838 49916 35036 68752 42155 
9800 20
29458 21735 37308 50977 62670 39110 72219 83343 72334 97820 62235 42314 23887 27170 4382 16573 84088 65584 29173 87909 
3205 20
30243 89005 34194 809 54008 48744 20758 78036 40700 96931 71591 56958 69207 76807 69228 42953 82634 72304 84068 67438 
7565 19
51835 42040 68552 39239 54205 51471 21285 79409 13824 60315 49021 44811 4510 67040 30536 44112 16786 97554 82167 
6871 20
40071 599 47629 87851 67662 31515 12282 59306 42836 75548 36149 80127 74615 74736 16615 59246 66013 21581 39044 13601 
6937 20
47247 36164 80846 97743 63659 60107 85692 33859 15426 26012 90470 96138 2814 64550 20272 89923 62652 62072 44769 6552 
9238 18
36019 33758 30030 14918 91757 34014 51149 28741 6466 21048 64807 63043 52287 31605 26691 54214 21907 40706 
2495 20
66336 26985 27764 47549 14896 65060 1722 45994 76494 22049 4707 68844 98988 36009 48434 86643 75157 92082 65423 86359 
6474 19
95287 60152 31819 32375 38755 43052 39311 3333 80600 41476 49145 69757 41712 8797 28006 89223 87526 35697 36087 
6236 20
95663 46152 89336 72514 26472 74537 37495 85494 43916 49075 71100 88550 89773 67257 89011 6736 31748 23755 21997 97316 
7599 18
13673 85363 14510 6450 79840 80113 94218 65680 87924 15740 25754 82086 44570 55343 15969 55396 15490 65522 
2708 19
82422 64931 43114 96552 14008 57484 14779 96343 58419 73774 34517 28024 39506 42940 56282 83932 37677 75651 46311 
5371 20
88714 19200 148 13317 92326 6973 92824 62941 76146 27757 30254 36848 67048 49611 59805 44981 16987 17832 64207 70107 
1851 20
62449 42784 8076 90832 98532 71754 24372 47864 93418 75646 79332 70104 26999 70893 19732 85434 94077 2958 29689 18328 
2443 17
62886 22643 52396 76796 89883 48055 76070 38444 50616 35445 46019 72255 3997 61228 85775 89581 44950 
5654 18
58774 55252 49319 47669 3479 26060 89846 13720 26456 83268 59164 42559 80070 87670 3565 10907 8560 94010 
8229 17
94098 31630 24435 86711 26993 70850 15876 83719 70180 85919 18836 4149 76368 83748 5665 7632 1883 
1841 20
90937 21689 9497 77503 10323 6586 76892 92269 37199 57389 95102 31189 3036 8138 84061 89534 99961 66478 47022 2761 
9256 19
13808 98387 43914 57288 88744 79478 96774 41179 98322 50451 90801 56186 48604 12588 53175 8683 28721 90733 48002 
1769 19
87017 33024 7619 89148 41913 95524 47207 21137 29957 39873 12071 39695 88216 85843 36196 77756 78261 52421 18408 
7174 15
47798 1840 8150 68974 66364 90732 95982 34610 76634 50194 25411 96144 519 66214 889 
7485 20
62708 92488 83709 66322 26815 12622 71957 45375 91006 11459 1530 74992 36115 97948 78824 23497 17261 75863 24630 93074 
5917 19
95004 27465 26981 22198 49539 40222 65539 61491 62847 67427 44745 61071 43678 84627 80670 78933 27251 75324 8769 
9861 18
80881 27791 83404 39962 781 91849 22986 35112 21458 67306 16663 96143 73315 57890 91812 48795 41947 48099 
1356 20
83283 52190 15920 73445 49706 77787 89796 40507 56979 61543 74453 1718 98328 70779 66975 63860 57786 7850 74656 13975 
1071 19
32627 95206 63642 6887 6476 40591 16958 95131 95444 51129 54740 72878 71649 69803 58381 18563 37300 93264 15724 
6370 20
33734 88380 46583 427 32239 37690 34253 18097 91160 32566 93433 94898 93870 3501 84683 48312 43840 60385 40362 25601 
8903 20
41038 78859 97455 2106 57343 23782 18017 25647 68033 15826 34201 36675 85260 72762 57029 99759 89694 97548 32021 27919 
3731 19
11752 93284 52515 95452 42765 28301 37336 75648 53788 70974 75582 52799 59457 62527 94814 14429 45520 87672 28041 
966 16
74040 15370 59592 64648 18952 65968 40690 52294 54415 53320 68523 42312 99123 6750 74347 61905 
1708 18
30200 47750 16336 97263 30138 67395 79508 35718 63266 45679 73555 85474 42746 55210 13969 5363 7109 30026 
7637 19
97166 81221 72436 63042 14319 64449 55467 90300 63221 3599 44301 13345 8429 28763 57007 81661 11312 76630 48679 
6217 19
85806 11473 26532 45158 67029 3693 76904 69296 23486 31558 94618 24966 13626 42311 21660 12635 35640 39143 48716 
6132 20
99616 70159 78304 91995 22965 35404 31537 49399 3129 98166 7367 31414 82418 24486 53964 86473 72999 51697 26482 70814 
1105 20
45742 24010 22222 75455 10472 81432 97524 2883 35276 45712 46187 22025 82336 90457 89740 94034 63454 58548 47258 78451 
8228 18
30958 16412 28481 36546 9793 95529 85326 48280 64359 93087 71316 48211 6329 701 80453 88239 53566 83349 
706 16
20841 2800 13147 33992 15331 28375 2442 10091 9322 1804 68665 20981 10130 96598 21956 27067 
3026 19
5173 77824 54088 6166 91727 28839 96927 2743 26360 9895 22250 34292 55319 59567 59129 77345 95553 95428 46120 
3050 15
7507 17096 20053 89911 80440 31709 57053 55851 41617 50044 77035 63291 69020 14042 20139 
5878 19
24235 69799 76678 98054 26382 66952 54676 31596 99054 40835 77185 59590 44649 74694 560 37761 84287 3227 9243 
3092 17
56358 18211 77378 41758 28130 30594 53688 43220 52121 52667 31908 30153 97590 45266 68998 61478 76547 
7172 16
83274 23146 22234 41440 89081 52949 4404 51444 92473 89040 62986 23852 13732 49714 97797 40229 
3333 17
13790 60774 67485 8836 62736 70240 85361 50040 82607 30503 15281 80563 82161 46745 58261 3656 11737 
8855 19
96934 45960 53255 91202 67913 24195 43567 60260 33684 710 83507 2662 28196 20054 52502 77332 38041 43694 24800 
1008 18
57938 78515 46188 13092 96445 51508 27054 27777 31576 49419 78428 2818 65480 52669 95842 84098 56557 16964 
1977 18
58468 30722 86932 74523 26223 79439 89875 94900 49282 44362 80164 58335 30488 64735 67078 53076 93365 43892 
1379 19
40691 18061 99303 94194 50974 6759 79392 50975 29568 70157 13597 5584 98744 30402 54450 35731 91675 33885 26558 
4871 20
920 12492 79041 29616 52743 42134 10014 2030 11543 55914 58146 68337 17652 50357 83073 98377 18945 17164 66996 72701 
7607 17
36793 13578 30674 27708 68105 88927 54689 31124 21455 89878 21239 23812 44318 81943 26623 38648 81250 
7533 19
22825 20309 49380 50358 12511 37097 32632 52756 46742 54296 52024 95154 70435 43745 69426 43403 61163 87845 45926 
2802 20
50397 23499 96771 9668 8801 45811 22263 32041 24226 16711 84309 99840 82962 35866 99134 36731 50305 12886 25769 72496 
7379 18
38833 43682 26967 46248 94394 72558 84904 71526 89009 48062 84463 53916 56832 17893 74311 76988 65146 25986 
1766 18
53596 67168 24458 81273 52409 79777 72289 74387 61094 77826 50775 13224 75892 6660 93776 75696 12421 554 
4214 20
54352 12852 4888 90447 45593 51351 35921 51192 9893 76415 51564 4781 89105 74644 53206 7574 60102 86503 73820 88932 
