45
808 199
58772 98272 73050 29599 5996 37784 75075 88843 2788 92696 80211 38866 34708 27717 12599 46424 43803 38380 23907 93222 9443 87323 67500 96874 77427 99417 89439 97903 20564 80118 18003 69082 69371 50376 49561 77845 98849 34160 96481 89836 53786 38830 39321 61785 46357 10383 64947 99447 36925 13503 11841 78606 66995 81179 56314 8037 55216 87880 17073 14255 42730 55415 54376 60236 94936 79687 34471 1988 96621 15941 84857 62882 86995 56447 14622 47845 87007 74018 94531 51163 50930 23551 25980 12561 3329 84169 89206 89714 42656 4581 58000 71031 34824 57924 87591 56370 67752 1201 21392 68865 94224 15604 62519 65391 60004 81332 69442 7660 39532 33355 38808 93153 63014 28556 49528 64145 7508 73522 58241 196 46391 41000 74827 19909 69990 48725 24576 51698 34049 46704 7773 47118 43699 42926 16988 69398 18885 51220 95533 64889 79960 86712 94369 30307 24228 44970 70991 12276 47119 64604 44655 84984 76760 67171 89492 502 88737 60749 53771 44648 47380 14231 46571 97642 779 30579 69441 29095 19895 26647 36318 14830 23661 10337 17585 131 3655 3782 16282 33174 71343 96191 61508 32174 36275 6165 72394 11195 94652 26817 51824 76294 6094 35207 42223 88180 12240 29803 15977 
354 190
60764 15966 82880 22991 36021 75368 641 94986 14212 88914 60949 17562 17685 21731 57548 83537 28574 82182 29296 19343 51889 92490 29498 3929 59356 27633 10885 23261 82835 29197 69448 11337 56892 2668 4416 99765 85304 90552 75559 41852 88142 89449 94267 33335 17304 11482 22226 35206 59422 17507 3753 66761 43485 23303 64857 79489 92625 10009 58081 55318 22020 2919 61010 14109 35670 69922 41300 66580 68300 13572 23189 72256 47423 5427 17683 15637 86905 63164 45927 76369 40445 28165 26206 59200 39148 32616 55121 46284 83324 92994 34679 31934 68048 52658 62735 98601 14477 37315 47969 8449 96498 4427 80454 82171 67940 3825 23504 94254 27419 13031 55349 36245 23988 66200 64319 38389 91712 97131 16160 95206 56418 93689 33920 792 7982 38510 31165 74414 43302 21199 59561 52660 5879 4701 58921 83090 60310 48104 15623 27351 2766 38816 82329 6789 2100 94756 30674 79596 70333 58181 93977 85147 61238 49696 48636 355 72335 54667 37117 15705 56774 29844 48314 80460 53998 90548 98271 45810 31530 3618 421 62718 30263 20145 10902 80353 39455 73349 94261 17383 87377 93807 68735 38385 11778 76719 44764 42947 65570 65895 
27 378
11962 48688 9444 40689 40628 72891 11489 18210 99850 55834 2425 61488 6556 58487 60881 5837 13614 48201 31041 1387 87437 52942 95971 63945 72794 71449 60194 15275 53221 66789 21533 14915 19912 8551 65100 20142 71562 89356 3037 52098 6790 99898 50730 47310 15517 36395 83355 1477 51399 23675 12091 18349 39425 3036 61839 80607 62938 47708 96061 52648 75837 41375 99182 27164 73124 20729 38818 70204 25093 35985 54093 41306 58666 41023 50588 57639 36513 80795 33805 71199 59904 15063 75257 85359 63955 20137 57566 87012 24246 43105 26179 37604 20955 54030 7413 42488 98908 64910 93708 64352 80367 52939 94534 55397 86971 82916 93798 32580 91082 75826 43685 99175 56680 33138 81064 11725 1792 89381 29054 32584 82398 1291 1189 22303 50795 82393 73940 78359 7392 77855 20965 7242 128 13467 69499 55238 58829 49784 72289 83101 48497 57758 14537 68573 56073 80293 76130 10507 83888 85414 50655 29509 21995 59761 71722 97817 13216 92067 88038 94892 31782 52016 69807 30727 70891 28648 78141 98723 48232 69575 64446 21091 57244 83048 68733 90806 52619 84659 67554 95212 13492 68424 20007 27896 93619 78307 95481 54556 48122 79639 76199 97537 96048 68106 85520 93025 7419 54220 68772 37148 66109 68265 52041 48763 83507 39742 91932 31740 89537 2698 15968 38530 25784 2722 3098 59784 94141 67492 44122 98645 28660 40922 89139 67840 73527 87246 75981 41675 46876 45609 89498 4765 3553 13117 43783 2064 33947 84963 55102 77867 73810 24341 45051 18505 96887 79892 52293 62655 80169 39386 14991 12982 84476 28287 14085 11756 45610 66081 6899 28624 3898 4417 43944 89552 20157 16224 59037 43703 82545 35236 24926 70039 66648 37508 24996 38710 11626 19887 42309 53914 48020 1509 60028 83271 86786 73052 30407 15893 6427 52726 19563 33139 27555 27190 7033 8991 95061 14227 776 73080 82268 1176 91132 86943 57382 55798 7165 61436 37160 84183 76004 21634 54591 52651 26295 92227 3746 32528 38150 32221 48403 17715 29025 90383 69329 7900 85391 75324 24284 29505 87133 34966 59826 15877 9101 67611 91118 97268 4193 40785 33211 3431 76280 88908 62227 71599 93196 23694 88803 43878 32119 22363 6878 81473 71219 44499 2555 50853 41511 65677 17780 62121 72091 39331 77028 32041 72700 78436 67592 20389 56051 3621 49055 18486 84285 39949 83798 28681 
150 187
27753 25835 59996 35187 50311 52764 81102 86727 99410 75108 57593 12844 81803 93518 56972 84163 60088 94172 43085 66235 17908 96721 89663 87529 87807 85724 19937 61376 2291 36601 83462 90774 54292 29016 11320 65396 65090 32647 21844 26290 21286 38151 13690 38352 27413 90764 54393 75575 38681 5787 74624 39952 57507 31235 93305 49759 78271 48658 51387 87664 68535 71995 25845 42419 28846 78818 13667 62109 38429 42838 16136 90133 36553 5695 46788 52151 83096 6064 392 27840 28818 61069 72810 29182 96142 25309 58417 25897 92137 66874 76000 56570 63336 19933 41733 70016 58897 29352 99087 85662 6700 71944 9636 92752 89303 53748 45116 77790 54429 30305 30552 67818 76400 74469 99524 58695 79609 55521 18023 7554 64545 1591 81209 71525 61513 45243 23627 92192 6685 91064 82010 25338 57528 23163 79585 65580 59377 76755 85775 23526 42472 67149 40158 21018 2915 8390 88666 66240 63198 52217 42468 69656 4629 43336 59432 81714 3525 71528 71741 3914 62035 67047 95181 25505 6745 43140 92171 10881 38157 74750 38622 27217 8742 9371 87146 59790 54344 23486 18469 65403 83440 98158 72393 85571 62332 36669 55524 
209 186
74594 56274 29464 39957 23766 34146 88554 77998 55663 92751 86616 59445 2422 75322 15873 31727 2984 88808 8248 99004 40398 4391 45077 50963 69999 88360 95405 92953 88852 5223 63183 67641 39268 72777 75323 1982 16582 6493 60805 43021 95909 60765 19917 13168 52507 63515 84594 34567 36162 70228 88442 94339 79487 57945 45216 18949 76856 45370 51869 18579 7917 28228 45721 29525 38487 69464 73055 40571 37070 70275 93733 97234 99961 15403 71694 56664 82748 27975 71473 6180 76048 2033 9384 79580 85343 37080 90316 65089 19074 35017 59000 76136 15417 74921 78706 86039 39495 85490 23520 21996 5394 87093 47507 41509 6062 81771 16805 47771 47822 53486 89660 54204 4382 98694 7391 50057 75684 796 97851 60691 60091 21863 28072 1424 10876 5062 90060 97036 92846 11360 17464 69440 53865 89525 35826 46219 79988 3731 50499 75245 55803 47576 65694 61972 30290 56456 31985 11000 55495 9635 1202 74746 14301 25061 69736 3535 93996 36496 37415 25793 84574 87170 45381 67751 46233 44928 91676 46275 43434 48155 58537 95574 6919 79225 84348 3109 48328 23623 37582 84010 42195 92685 15043 88322 72439 56903 
283 362
31754 5317 35839 15575 76287 54681 76912 67029 53727 67711 11039 19296 94308 25789 59257 82885 69137 29788 85751 98415 52861 17583 45802 44116 95840 9988 33978 57900 12653 6464 34197 65211 86830 91762 57837 50330 39257 29205 56784 989 5350 46940 74604 59617 24358 39013 48792 44365 80811 5018 54360 19379 97401 70665 2054 54371 28125 69049 46343 3171 48268 19166 94626 75171 2747 37034 29827 27952 13640 38619 19804 18187 35504 43946 83975 37159 81952 42693 56941 66669 70139 90689 89134 53167 89744 30093 76427 91679 11618 40763 2956 32659 50195 56057 83391 31477 2372 98678 44279 78719 81595 44661 40869 35968 87947 71073 21977 84571 57106 94783 2015 26662 31599 97614 9699 90631 43300 77682 7480 47568 75208 49819 77085 86611 28538 15749 64346 1338 46388 67494 74114 81929 54642 28271 73449 55215 41916 17444 11072 98393 8332 84218 24694 24114 72532 85189 45020 78827 11884 28644 21300 41298 245 5463 3191 74996 56284 21588 7158 40364 95325 49185 78232 52175 42165 74852 6332 63200 83541 74909 13939 24667 92266 20414 44456 62214 26734 1593 45168 22855 95153 77121 4019 37960 13824 16938 42307 80895 60515 31511 40099 65452 34277 43844 47141 68548 49215 83489 29145 40546 44697 65208 42022 54839 79526 82499 84837 1310 17622 19108 75289 80958 32200 41398 11686 60093 89105 25393 23228 16984 53031 8018 31757 36454 66778 71797 8408 90931 43360 72958 4203 22934 83752 89355 10730 83895 81235 51854 87058 17891 92194 57667 18694 69331 28222 50533 60559 78806 9715 93365 64366 5535 76035 73930 71766 37138 77531 2757 77773 96016 13911 41288 81083 25474 1632 84324 97724 37443 57245 88960 6254 36604 54739 8878 98603 61601 62877 27983 50822 86635 39763 99388 23401 49949 95598 45817 96546 64647 92820 31687 39575 8580 27487 29817 99648 93935 4767 52388 77356 57140 85216 38039 60157 6692 68082 40186 77865 69025 83174 47157 30633 60072 91373 81832 249 54132 73847 98472 20487 53844 89164 18545 21016 85479 3052 89943 67863 24111 63474 27512 81615 91587 99152 18077 73609 91677 85220 97149 22699 11587 10784 45192 92580 81345 98291 4534 31181 43429 93144 93848 94013 40457 54560 23380 1136 64988 75451 22201 99477 79408 64908 88697 
934 342
76904 75817 27888 44679 41228 52059 94120 38260 30151 41120 22981 65789 49080 10288 32945 92602 39007 61114 11007 46909 44828 81651 37143 31867 25772 41139 39839 34346 59405 62298 70881 16841 2462 28216 42703 46994 8129 73311 27577 14175 93102 2977 96434 37956 32475 66483 84775 44548 38601 14734 74729 67820 38402 7671 7191 12312 14508 97713 21240 9617 96844 94265 89648 89451 25603 57111 46069 81970 23645 58272 43210 88997 1151 50071 10626 73288 6341 4175 78728 71518 24189 93503 88177 58587 98034 64381 99223 61744 59124 7514 50750 34931 41210 61418 54968 38795 3819 84662 63485 53622 31199 67812 94069 58328 81782 64343 47761 62861 63252 44995 7678 64347 33097 65990 1807 10855 6037 76740 56408 5094 10706 58197 54541 51615 68411 67333 79756 43111 71274 47890 17983 11120 62322 3643 63959 57713 32470 74683 89386 82282 54891 54257 23601 60878 75309 31061 29559 23337 97583 61989 50143 63944 99013 94827 3849 60954 64354 48968 33591 52049 35113 31206 68666 1412 11062 47985 67655 28368 16939 24935 36480 19200 2626 90203 48747 39432 27168 70260 54111 16684 15183 47930 44861 52948 51446 28081 11569 57090 74880 84711 94046 3972 30640 23873 5309 67813 7608 25136 86344 66229 83861 33626 84958 19498 23136 62281 68579 23184 23964 8155 93247 99705 24923 28908 22836 76630 43244 88134 75734 62524 862 27228 52094 23285 1906 30625 85544 18524 1880 80416 35888 36957 83511 22641 18374 91016 25992 11696 8194 173 77280 15424 52000 64362 52042 15326 74885 4935 50089 31279 3536 31689 17162 35214 3092 18685 41682 28424 21576 84981 52277 66365 23033 83073 16202 62724 50988 35979 92887 10859 63984 20767 9815 62380 22840 89667 19760 46996 30152 43260 43848 21458 6959 5874 18217 86105 41700 89346 9649 94555 47165 49909 30884 15266 44136 78105 56709 36083 1352 47764 31836 14605 56900 67575 11402 78971 40273 63483 85369 87882 19973 37510 5805 14616 74811 65656 83632 41448 22663 43983 47907 63504 75944 54778 37781 6853 6817 36288 81978 50879 22371 37871 70755 27819 51840 55129 71590 9301 15856 23091 74441 75092 
977 169
16501 21589 66970 16036 31033 15336 37809 88894 36140 5655 18069 83014 64515 21631 83858 40525 95217 93825 29484 11815 79835 81082 94542 83780 3140 95890 31286 74882 97574 82315 38471 22611 21719 67661 50383 53094 90924 85196 90730 11296 28730 18140 35307 91929 51816 29614 14827 4538 46886 4680 74332 43531 96757 35110 8516 13604 78150 67865 92923 67185 32623 5863 29011 7359 16781 53895 99899 95316 14497 60181 28508 6611 11739 16726 57757 59089 14868 4477 34080 12800 67532 93359 96558 46755 57302 61573 21363 51810 87640 87784 55926 89604 95050 46632 73730 24793 37658 2494 99818 81021 48069 57861 92290 21153 22810 30736 75304 26580 61107 60149 6130 1694 71522 2417 82488 33512 17691 8111 27586 94888 77549 2957 36192 63431 60052 77847 58230 55330 64113 95149 28304 43734 16149 46056 7880 77611 98970 15022 74663 66030 37593 10450 43446 66848 65883 13620 86688 90387 65438 73277 65493 43319 8381 33479 12068 7708 6637 49136 78163 97519 54966 81699 63255 39217 26541 63249 3630 39798 63976 
239 336
30252 57923 3951 43262 79863 82491 40411 88647 96466 21627 76112 48182 42799 6264 46467 76430 21047 76644 31396 8124 78678 57054 9685 86552 70364 56928 91208 37172 26496 14456 43596 7394 29894 73042 87045 10023 38861 46802 43157 49254 6823 60441 79250 96953 67377 81474 18388 72141 76069 28385 22763 14201 12590 57434 9652 9627 38444 13846 85799 81318 40647 73694 37257 8028 68276 39039 12093 77119 73207 9601 78925 77927 49126 83808 45890 29027 91552 33161 57779 79784 62824 3222 29744 52646 93952 66302 59182 46684 11677 18128 73555 70958 54547 75755 12743 23884 93691 591 25172 90364 49665 34100 58375 90975 43821 31616 88523 94806 84683 22756 70724 65444 7852 42997 22541 72609 3859 60867 44297 98334 18666 22891 97102 12848 72013 41254 62208 2109 54424 55377 51753 3861 93655 91634 98761 43091 6799 21086 46359 12770 18570 20816 48352 90762 66547 13183 29574 48847 58071 11904 5174 6923 58935 38513 24420 6327 78152 95210 38758 71437 19509 62317 30844 31131 41506 25214 34172 94482 72894 65602 31760 66514 14685 87639 61950 77052 82804 17823 74112 10362 6105 81259 30449 63522 24872 7561 93544 83600 10392 35995 34910 23740 86977 58240 84383 53398 75930 18522 16148 2190 99063 59323 70647 31319 74609 97737 26506 73382 77921 49799 27605 48639 47234 71302 99166 46835 990 9242 95309 77801 72881 33235 8422 29516 52620 8805 74790 52376 35576 92048 29312 56132 27301 56849 53261 50552 81889 14480 82369 38807 64883 27405 78165 93125 70739 86732 2433 88369 11467 90021 33832 49350 83758 69617 7345 49016 57055 10999 44210 90628 68176 70840 6336 94864 8824 50820 86848 76272 33379 55104 37193 61176 95246 14513 86773 65588 8760 31956 16928 22110 85675 66687 2169 11171 59162 71167 72120 89972 67475 5954 82816 16094 95869 93717 23995 14815 36765 18590 92632 91877 60608 31322 67972 69819 78357 70358 738 39823 63400 33502 64146 27939 57011 99415 8305 69601 68422 76320 25601 34147 94220 48233 68765 10666 7313 49629 97081 61765 7055 49061 83024 28017 46306 23402 70803 33728 
390 334
99960 57527 4894 14561 5153 37897 21120 94540 94755 32146 90995 98156 89654 87867 16246 31615 27743 47460 61714 10165 87200 51705 82684 83731 99324 8262 38676 12462 60914 45335 11997 54282 33764 57374 58542 50770 76296 32669 81774 94818 46249 86505 30067 1586 67292 76918 56574 90399 95021 90912 82683 6590 51367 68706 83272 71530 17711 62926 60974 36398 87950 13407 14636 96998 45929 91599 62310 55690 86668 97518 48388 50595 47395 49505 33951 37429 49839 85101 95129 86102 74717 26684 49056 92015 77536 32389 83647 68523 58079 13891 45441 85951 12700 14117 75996 52718 9543 4554 56711 71385 48697 76173 80788 47932 34443 71988 83648 42760 75827 83809 49346 34932 93992 93234 1571 50314 70692 40950 68013 31151 11054 21475 55948 58059 92603 93366 35726 42154 60817 63932 35708 9109 41558 8855 67576 41136 65250 68417 90386 64391 69252 58476 36313 92020 96130 43275 72269 83105 44663 34449 77947 40128 45250 11287 57256 83199 91975 76010 64888 97242 78920 92173 57101 51712 8231 8442 40283 24893 42892 51070 52889 71042 71951 57260 40553 79013 59924 97857 30915 33080 83097 73634 41634 40576 76734 86530 53061 88718 62777 7611 61109 67510 33531 19202 38301 32084 53288 76305 90494 55382 96837 71221 99845 23115 95038 53576 40678 89632 16509 7 70058 40859 21506 19324 3932 61271 85574 79691 57239 63818 48204 8291 91114 68859 87162 4523 53646 7104 65731 6253 98310 68914 46148 88944 96276 22926 4040 82304 90080 12048 72268 48200 58888 83697 76786 64724 47211 16612 65358 56473 93132 18662 55300 66565 52772 6607 30564 3919 26188 28976 39879 47898 36581 180 96960 67071 96548 34251 8808 28131 73822 71438 63797 96680 78580 89832 71080 70284 8243 99930 51857 52809 90530 43433 64272 47682 9504 37664 30348 29103 98422 3561 87596 71609 3990 24378 23021 24765 16050 86545 2607 41856 73201 95456 25699 95760 95856 57265 26523 37414 41322 74470 38868 32263 79533 57703 36697 1769 4329 74290 35569 25043 1273 12621 65146 7533 84688 21860 63570 10075 87428 87819 59848 3724 
717 332
27332 71817 38973 27711 99601 71265 13360 46487 77047 55590 1075 45425 26726 42641 50817 63435 26104 6533 78188 51565 47915 54691 75021 63154 11181 42865 42338 79214 9626 58159 91295 53145 52681 27553 72348 58693 98568 18956 47594 40089 94229 73642 70119 84316 86853 92215 32030 33564 11327 44707 53489 61874 61590 95589 83646 53801 74541 26358 97743 59278 89540 26019 35393 19416 71294 46044 37384 39396 4569 5226 96547 65416 71889 44858 65851 34086 6322 99871 21246 15383 11687 65985 43891 61572 17037 25080 18527 63060 72693 15189 34751 97207 85881 82106 6510 78771 78803 34005 41505 67101 20889 12571 87863 73267 99941 16957 79549 32544 24906 32452 84319 92979 73558 61511 67208 20301 68786 28874 82896 87533 30599 86428 77860 60169 25747 5797 34133 99150 61795 8297 1950 86352 94335 18985 55670 59777 22740 78493 20424 48750 97080 50280 19675 28025 27141 48066 43344 49608 79471 10260 77248 53396 12510 86858 54359 68724 67907 28394 32026 38918 52014 92866 89376 20509 96111 1390 14000 39591 1680 11350 82200 39402 15405 84506 55951 92895 32235 11128 95030 39936 15162 25094 97343 82799 68702 2551 34266 72654 65275 51900 3942 1114 18160 29576 70448 91088 99804 34210 49718 30343 43004 9697 19902 89715 14239 2854 16937 25207 11422 63133 31648 14397 74772 51572 32092 48598 65087 16704 61585 86692 73474 20690 31492 21411 92719 47184 25619 30695 37141 25101 32198 28991 58548 56853 14695 423 58164 7519 36778 45760 68207 7106 73496 55697 40020 94882 47181 64905 80382 91692 94437 95541 84591 74339 3745 72219 97184 92254 26443 81879 13182 86452 45875 89430 95801 81740 39881 62826 52178 64176 44864 43823 51137 33305 44745 75047 95464 94893 50367 65629 73581 11825 93918 9051 9363 41709 83423 32759 96633 52827 98750 97828 33107 88441 51914 55665 34984 75931 45608 11859 18759 49083 1262 14730 28504 21961 42461 21430 3637 70466 68506 62106 80522 39 78772 85853 746 20676 85643 48779 1491 48911 29503 16991 43112 71871 56789 83142 20723 57152 2366 82325 
591 158
92860 40551 64216 51049 35398 89643 61912 98212 25288 76347 61405 97696 83521 24376 15999 76800 16102 21344 40167 65681 74984 10246 93466 27465 73678 21557 29625 70560 51823 7206 48894 17419 3123 1636 76867 75976 52195 52714 69582 26709 36623 4659 30249 28226 66475 39962 88317 2625 95941 67465 4529 32191 72158 60851 21327 44151 69506 92728 11801 63811 5962 88961 29473 23052 23456 39042 7543 19798 76965 93700 88085 74093 46049 46939 96569 34390 67645 8258 58986 92274 61323 76390 31650 90286 97849 46712 13901 63375 94665 47083 2980 22146 88355 93513 63283 93157 68237 87048 21402 21902 71636 22409 58559 48782 83431 6370 39935 9176 48055 65149 47486 49206 84355 75399 77831 84033 2449 67379 5516 34070 23790 76555 37868 1207 45390 67197 71564 27160 32186 32297 29993 4349 69834 97848 88181 35272 43278 76236 85152 41832 95472 4971 93467 44485 74563 26620 85112 30644 41333 9735 71516 40255 64839 56308 44904 86349 48973 84652 
828 312
40220 77811 48412 98363 48567 48977 54174 74817 45118 18920 86521 2400 6090 31980 30097 70156 2586 47972 19335 90292 17361 31144 3309 31871 54016 36675 91746 87297 12463 6579 95379 6595 75194 38134 4105 79396 52734 52750 55606 76655 61931 28182 80932 20249 41857 1460 57751 18815 50084 91492 51167 13178 94974 84526 94754 59966 43392 62920 97198 37036 11856 99663 566 26907 43458 35262 81039 77720 78496 39444 28160 44398 68820 12292 69115 70122 79010 39210 77206 37971 20017 44847 13049 23392 97257 94068 2137 10502 94410 89662 93575 11599 49109 28836 99070 50427 70449 39190 62294 15570 49552 19207 43134 455 82302 2549 77412 35323 53806 74671 30881 63662 21494 39584 69010 10541 38606 84638 44413 94028 73763 12803 78052 57804 93214 49352 76500 25124 22759 88391 7662 64790 82347 28653 60454 67910 80778 2247 90741 96980 99235 12924 63985 83568 2185 30723 82702 13520 82723 94712 48721 59147 37979 93294 91183 56487 50612 60853 79170 84246 51723 34574 75162 31190 61947 40100 71251 63002 98907 64925 46361 91227 79256 45703 33361 68984 66689 76879 97382 40650 36391 92043 28784 59220 61865 27454 42639 44331 34462 35809 66812 78781 8895 43184 1494 37410 32562 11261 11578 94995 98865 1930 36873 81382 9845 8963 76456 87571 99924 84212 82905 47896 93316 16654 97980 36070 37139 44041 49152 74431 82548 45417 70864 52048 28831 58026 76176 64744 41158 32921 46620 23530 51741 65617 5210 44467 73161 56701 28802 79474 60021 14388 16437 18959 16557 68613 12125 50351 16670 21929 11026 64941 87875 82855 97497 28675 14757 42454 49264 58433 21899 70454 31540 99834 94306 43719 7388 55071 28440 31652 91391 99698 58640 5051 19481 78134 36617 36556 20079 10827 29608 57582 77648 68500 96323 49438 45145 19400 58847 46053 7093 10415 23928 44359 93718 98554 3395 64125 56523 29770 30398 73219 18166 86873 73069 94038 32507 693 63238 52463 54289 18969 
284 298
32108 44325 9712 592 54892 67585 27024 58208 50385 28920 92924 15493 18556 96165 26317 12677 14036 54480 45298 28051 66120 41274 42988 67930 13925 21967 63448 95842 6444 6279 51029 93085 74854 69541 68963 53628 17526 68857 67713 95515 96527 20242 80805 89002 52577 57404 70380 84547 62221 60625 99738 73709 56522 4179 27248 16359 20239 62225 29536 17933 35109 48715 71552 44936 99038 51801 96584 82086 29323 39306 2989 18248 54769 33691 63982 57178 12371 98035 41757 70478 56605 75142 6583 29414 1208 61412 34571 79415 10111 49184 99307 17974 95041 81293 33811 22717 69429 72250 252 71879 29595 94621 50505 30756 53310 19470 49601 72491 17879 71454 17998 80011 34238 69605 27969 46768 47722 82095 50551 85288 67177 87349 93991 53371 48892 77163 27309 24744 86353 77688 14621 37892 94890 19308 56324 2532 72592 84660 79357 37156 84597 47935 53490 32940 82486 15599 85583 3004 11273 16596 34342 33360 80721 69238 38492 40543 95510 2119 67975 37630 33141 98748 78644 16466 79689 38895 14342 74495 88947 48569 26365 48651 90303 78299 29969 92448 63478 47667 95186 77071 20452 76961 79114 41039 83958 46117 42137 48936 68061 61848 5987 23193 2361 51325 33853 34541 62794 73633 55460 67324 36828 82415 82789 50409 14107 99675 13263 53209 80248 72688 658 68395 4593 90241 28986 67654 95944 13065 3761 82168 47326 49854 75686 98097 57089 4264 67608 82796 14140 37645 33299 56575 88825 26226 52030 99567 9634 2518 98668 87959 94362 74376 62559 38336 87353 50775 95252 60956 67178 98947 34377 98928 50209 12219 60337 36292 9596 12277 49209 75598 14791 45583 80421 13400 82757 86897 9835 84736 94276 76207 60457 92643 96192 44571 11399 12765 28344 94474 85774 86547 88579 39397 27768 36758 4242 96829 82741 87267 42228 94834 66436 87024 55083 39215 26876 29768 90731 76230 
14 292
1968 2938 51502 58155 98414 92468 19019 43543 9458 24625 73444 55925 43779 74619 12177 49576 41030 26927 95454 95458 63256 49379 23758 84153 72065 78629 34797 47959 72217 42288 32644 22302 7921 18857 20268 87879 1932 65062 94230 11990 73009 75463 91814 23233 54065 86532 9684 10910 61447 71146 75088 35580 87647 75947 42697 83438 5453 31658 85107 81065 74402 7329 70565 48305 51709 19350 91467 17597 79791 47396 8324 76609 4142 21066 7494 68409 56470 60846 88025 94606 62804 46011 75879 41422 27805 28950 62979 91649 87652 74436 3085 1920 66087 42305 57773 67927 46980 14198 46386 14861 8134 51080 76451 80308 33114 665 30438 94416 18012 47721 91002 94599 83585 1643 7382 11408 88598 93754 84742 75711 76897 92255 932 18161 21603 23312 87911 13862 95501 29953 89729 27838 69955 48561 36494 47453 6875 3345 14234 75207 82445 53654 83139 3531 47240 20885 23769 43370 61250 73800 12209 95085 81158 18881 46881 84768 84072 3514 6060 85613 97984 2636 43241 79283 92913 64971 21768 67345 19024 96464 41117 83430 53499 10857 83418 5231 63230 77024 17743 31409 50766 2363 37632 34426 55883 34089 60998 16565 63629 88311 11674 81800 6108 3112 57127 85436 17850 78510 31162 26530 93413 47387 97442 26073 56561 71783 73513 32304 10407 41233 11247 54285 6243 42097 69919 62190 39065 91508 90441 94822 77838 22231 5417 54578 7269 32396 80380 48564 36710 98911 54762 47280 74532 12517 37925 26865 80469 5601 64719 85983 4707 3835 18462 28804 34011 30360 89090 68440 70194 74694 31555 50189 1987 36066 41946 58331 76371 98466 52197 91003 16881 56207 74785 5219 82653 59559 21383 71155 93728 13167 7431 6390 95669 29266 65519 77683 98994 23810 5053 64741 59028 83481 82290 98280 28734 55805 99127 61163 61263 4548 15094 49327 
157 290
41326 39988 33393 53608 66296 95679 72788 48698 22957 81000 53641 17964 35256 15582 34269 94692 96573 83498 30602 84686 27481 35388 52690 30426 91631 87878 34930 67896 43862 57728 43545 42128 61516 79325 2260 67229 22448 22798 19146 7665 71127 22895 80526 83211 44401 21859 24380 54877 38321 4393 4828 17157 21378 3000 80072 84795 81819 1209 79381 19723 44486 79672 27355 54590 77783 14543 61761 87169 4799 14049 42860 29059 64311 65527 12047 32347 23776 81478 98105 19517 36317 72441 35727 19190 5414 36153 62992 28021 90208 34678 96779 99053 59117 71728 98564 98340 79327 88926 88399 26986 56299 84745 29311 33614 96093 94999 70857 38573 69763 26404 58610 29757 12602 12171 60246 85106 85657 17210 47877 76157 4984 48474 41436 35177 39456 59600 24047 67393 65596 67030 59590 96669 9023 16904 64344 78822 27978 9681 89146 15290 42080 28911 48209 92018 15868 91577 32918 67748 6762 35716 55200 83845 37181 92262 6472 75183 34936 34054 59103 81234 19450 2242 72639 50758 24958 16078 42556 81111 72332 77502 91609 23206 32831 26814 13807 4381 92252 19274 90969 44246 91991 19850 31321 92341 68342 63611 29077 51230 4703 18404 90169 77879 53944 15826 56407 27742 91502 34540 15157 38904 14278 14179 15921 72520 52415 23058 27266 20898 55183 64350 87337 60834 60667 11241 70517 52931 79742 85277 43886 31039 62949 83261 87042 83439 12119 94431 76857 50650 33182 71346 66043 22342 39035 42485 80050 61358 80183 76060 15571 51484 71990 18032 14367 16950 41696 27441 21674 74030 99479 62640 78796 82460 44532 2834 86576 30683 24960 37104 88897 30048 75899 4500 53410 80198 20043 20048 63645 52234 77803 43435 69991 59230 6410 87005 23953 37513 49150 25962 90864 51088 52250 41736 64094 12347 14305 37558 24219 52831 92285 83594 
876 272
98148 4631 21891 61192 59137 7495 85433 6688 11848 58755 73672 3294 63819 66054 68606 68001 23925 87305 67337 64429 20671 25651 48488 36759 3791 38156 93056 94661 76860 1314 89870 48062 53017 35939 80676 46500 2536 8480 32486 77108 25262 76172 9467 7475 23756 37023 78393 38499 24558 89612 19035 27287 94963 23370 13967 54097 64132 57696 85915 24655 18581 17510 76 38819 36917 60980 92667 17017 77552 26052 2974 78020 99033 88811 47535 28036 90619 83820 79221 63209 74569 98733 96212 33960 44570 8031 44324 80617 52392 65472 67916 59721 64836 30381 75388 81137 55637 92840 92061 32353 12160 5866 30996 44039 36229 17355 22092 60145 35949 18942 53114 25776 22328 96997 69984 19888 56230 10390 66426 50940 46552 35610 32625 12124 21928 36258 72365 37568 46385 36135 43591 48640 5510 57595 10826 28763 60571 32800 57219 58999 81191 67944 63196 86 16651 45227 52156 55734 37167 59420 18035 49425 86699 42077 89821 67734 13679 91349 97798 22720 82420 28952 51893 64396 56031 88280 40150 15530 6252 90333 42855 23655 55032 67295 52907 68683 826 31485 48971 18927 490 18071 49704 90967 70825 64527 5364 96281 52309 83535 45028 36216 29179 18215 13668 84426 8589 22962 89726 27504 92774 60578 81558 46531 28175 39753 14176 78720 57318 16791 83906 42655 30421 31489 90233 76318 85546 65826 58447 11939 67821 83162 73420 23191 73882 15673 7865 67347 95385 44250 52165 29249 61334 37380 24745 48592 58352 44960 70303 3967 48010 96232 3668 28130 85510 68200 60133 3980 11205 95144 68198 23319 7082 18230 7803 67996 18788 85008 4524 83417 40486 55223 18463 86948 77357 2368 87549 69517 61005 75132 36246 69040 
366 135
24131 86168 20253 97610 79700 78011 44200 34465 66705 71134 90103 43326 62455 41046 36168 73458 64756 69123 5748 51582 54782 45592 72410 47574 71233 30432 53370 75045 55885 16092 10938 88576 57544 88610 43325 49531 66061 56340 91506 61492 89704 14429 70516 96068 89977 47883 56650 29206 70895 27556 18965 20006 90235 670 74741 91269 17252 58938 28148 23440 31055 37831 38698 89006 75224 93938 70824 6042 8781 60469 74655 39923 5233 32596 50746 31215 87783 23539 4399 52573 96112 15123 47215 45623 97395 56391 31580 92560 46429 89909 65486 86455 2923 88504 75658 60259 36634 78257 80179 60502 88158 89556 62383 71495 73575 64230 73477 23771 99883 62143 79303 5269 97933 59798 24593 72972 16214 42398 35611 26283 15751 3008 85463 96510 46153 82437 72905 86913 39793 51605 6418 74616 19831 25607 10733 
834 266
32846 20442 28235 31631 90748 77505 16080 87233 33882 38463 37857 17476 52563 60305 31424 54841 42367 47408 43070 82943 80737 3032 87833 28962 93785 31346 41755 63265 50757 39262 29840 71224 24689 50021 48349 89805 11858 44237 56003 93618 20105 28841 15299 75785 25680 70464 6555 76646 26770 51476 27587 93070 49196 48316 78069 2477 34950 8988 90959 78969 25973 33969 9317 36133 10676 21282 59649 39848 26600 32279 97806 81095 39328 42586 80476 88130 16882 12795 17250 60716 73518 70506 84340 91944 2434 2605 55383 16650 48900 18732 71317 54535 47812 93641 42276 45460 83188 3221 14640 13787 24149 79571 84713 13163 57932 54546 73715 48210 44391 31019 39325 79065 780 22209 79012 27065 71666 20492 87348 23705 74760 80330 89007 94462 20815 60658 78203 99255 80089 71546 72886 73492 6677 50881 62417 13279 55631 49479 78620 16383 49309 52107 6430 85428 49501 42063 89862 85162 86695 95448 37088 39220 61655 44 97597 24627 2359 60479 38540 26938 84421 71175 23218 7421 95875 85184 81412 34198 7720 55067 99366 55427 29772 65322 65545 5136 85338 62839 7511 77784 17001 71954 57811 52129 87365 68973 4509 46430 20027 91514 48866 50196 20173 73435 40802 59295 3673 16652 3729 11331 26687 32638 50008 8163 33826 48540 89697 64117 7039 57123 24179 22381 12074 5365 29372 60848 32753 66795 83047 92748 82585 70434 6511 13860 53110 66801 97192 72403 86416 25865 84190 96383 6010 34109 96343 80030 14265 97448 25135 96181 62843 85289 80516 29455 66336 9778 1664 40129 72455 61329 82912 33093 24852 55528 63392 79541 79242 14489 6647 92558 50157 80082 1137 67935 4133 22180 
765 252
41594 62206 91102 30135 4947 77560 93597 2714 89354 56514 40986 10851 90641 39722 33718 12689 90553 52401 16711 22139 32226 34552 94674 87695 46320 87481 50325 65101 23681 74673 70356 35948 2824 45563 33547 44533 61718 26326 56648 90527 69356 99500 1383 37152 96019 7056 60372 78478 76117 77489 96763 20200 95835 88050 60472 54250 37934 91798 97557 65013 92682 20372 55143 61530 34732 84368 8815 1442 25433 69456 63031 68651 92626 57349 86585 17147 362 70033 69404 14086 67409 6594 37323 83651 24318 67050 37765 499 272 99501 88216 69332 62525 75630 72472 96810 84993 34928 31018 70130 39706 58185 10441 20083 2678 36568 47253 49921 877 15756 78122 31606 54374 65433 81290 35738 25896 2396 79445 84498 58654 39443 28363 58893 54389 14935 30256 15301 1647 31128 515 84824 66378 15270 3888 85000 12667 29843 59832 41572 48591 61349 49721 57618 10651 33012 26583 84809 7540 14972 97107 49768 83856 4990 19150 46950 51374 71389 57314 54861 65130 77390 99949 97197 95525 20250 13311 20087 90356 69446 62139 19954 86679 93134 33734 68336 95124 45454 69946 33463 41900 69976 20155 1223 13733 55363 3772 751 28420 88112 62779 48596 43397 26804 80671 56865 29733 97695 41390 28310 1369 64729 18132 46081 80912 14565 80224 30354 88173 44925 64645 97526 52370 21416 73867 36698 1078 9648 69108 56491 5038 33629 89408 51546 59167 3485 85940 7643 3015 97073 93928 3718 62631 99919 53205 19648 50103 93007 19061 69952 11946 74938 47625 97173 13918 48662 14308 32680 35195 81655 94383 9205 
639 248
28779 69203 90514 58065 86254 45638 96375 78709 623 30264 56747 5688 81524 19503 14774 4396 28756 91466 89702 16572 70178 43615 10289 99244 59326 84684 64742 59319 65303 11164 4120 96254 51534 33656 43892 52194 53212 5011 80187 78601 77328 29471 56610 81581 6931 22478 92505 31879 50607 83395 50274 40135 4212 47031 36132 46480 23047 92307 99589 58068 99724 59389 9427 63848 42884 80495 49710 58858 37927 98085 66012 92596 74471 41045 15632 10590 19424 48366 90141 50693 34370 60270 60513 54810 63925 7184 55463 97827 8899 66150 9651 24940 9723 89626 82192 21443 32778 27191 28164 60075 53595 58712 66548 23045 93040 90041 10718 89866 61446 58465 25958 73705 78263 80831 30251 64385 41636 97890 97712 20475 810 53369 88517 48194 19964 27921 58947 65604 17616 83590 81243 14459 76277 59900 57234 8099 52143 46525 60280 40126 50306 23525 87671 3106 40247 36622 41512 38074 57711 30414 68384 92904 60715 20421 64294 38718 93636 78919 4434 70173 31391 7228 96619 75656 69451 85786 73294 26171 7536 15273 36219 20993 88806 99907 9203 65543 63695 55264 86932 75751 94277 5786 70225 44511 43263 3940 90609 94095 47745 99081 20479 6041 96850 50450 61778 65710 9298 96562 50902 18939 7425 4466 3204 46065 92362 80235 97603 98468 86723 51962 61143 30363 51841 82500 99986 54992 73687 22971 92295 64762 80909 66633 58281 73989 28305 84071 62581 57405 34757 9114 19936 8983 69552 39207 91124 53436 23853 26838 95831 33708 43353 39617 73412 92296 89432 31406 9277 41109 
238 117
90028 67354 73877 93871 32338 47996 14403 61995 6603 16609 49386 27494 37665 86564 59263 5746 32494 45339 42961 77324 9846 47192 61443 68550 65042 15796 24364 64710 97530 54352 4633 31759 3799 73593 9312 4492 59812 44006 21132 13329 43642 34091 43136 97201 42607 68832 37884 85211 20669 47794 34893 96627 21281 97170 42605 63526 59623 33813 27489 38594 35426 195 86525 36857 28728 75716 76924 39748 81640 11582 29922 6567 93083 47308 34843 43830 73681 94870 70129 54184 3894 3353 71656 95006 46104 765 50958 621 49795 45769 10214 5700 35018 54565 49287 88087 28423 55480 15447 45329 6518 81648 99262 2571 55302 38744 13134 18050 70171 46878 41570 50370 77060 38931 48727 1784 96918 
715 232
42480 8722 49200 64564 9473 95311 32407 94081 33559 60619 29457 10793 44997 62384 31590 71906 10177 34670 22316 67548 39314 11675 72864 76954 91042 40793 27475 72776 62125 57894 47138 99901 94284 35663 59042 78721 29888 79930 49202 83966 60960 42016 17713 1482 71671 60282 53923 18286 65955 32342 20035 58962 42084 37727 30168 66295 2074 41471 25427 34225 79696 2257 16734 96253 56732 81348 9597 37959 51726 13076 98014 3316 39767 41291 91475 18706 24276 48923 73145 90971 87852 94948 2216 28169 46895 28380 73924 45137 50998 29677 59607 30134 51873 43722 4790 75946 84482 69043 16810 20754 54117 34573 75602 68675 60644 86244 83783 8598 76393 26492 55964 75692 31142 54005 7203 74090 77787 83312 89186 25935 96321 4414 86083 60394 95767 16874 61154 3295 1166 54173 89888 51771 47570 21858 28887 6618 47498 82141 61462 39357 87696 33222 4895 99495 67928 25648 89208 36419 4511 35226 92836 23747 12644 18347 76505 83275 10196 25912 60627 64978 8688 44964 83998 53101 54570 64212 11508 54673 39514 3688 43122 85174 47545 32497 95514 16931 53994 50567 88611 17625 9460 10748 79592 77078 625 33002 53761 19369 41166 50763 29655 52237 75286 12151 62129 55889 35095 46990 80349 66217 11129 25769 46245 59030 61577 96203 56812 69468 21991 3421 71455 49020 16601 87760 72962 1507 61080 84268 50202 3079 5373 39241 3397 35909 22554 68080 8382 79710 52202 79015 99074 57768 
37 230
50583 66008 35364 50289 79063 28313 65469 91657 74031 74466 45039 49396 64920 69225 63931 17978 58089 87943 47401 90508 87757 94785 4560 41234 35604 63988 38825 18051 76155 52692 57355 88771 26680 97915 83605 30108 63402 56937 12339 82443 84894 91327 64738 56382 88422 56645 59864 85811 80911 22817 85569 14493 89511 58171 31280 47066 82456 96036 92422 88640 66198 92756 50961 49948 4013 42857 48108 82819 12479 58570 25645 15202 18989 14071 26138 20776 57423 35469 55337 39813 36518 26548 89940 22732 54548 1903 48535 33623 4354 30475 40497 96840 71328 95601 44900 90339 37100 34551 81087 68743 96502 81050 98307 16869 92419 17981 51696 10105 74866 49750 27158 24132 94565 65032 22573 70548 14189 94942 87541 61490 67938 5780 19014 30163 4615 56364 36150 30763 56802 50575 29389 51527 66090 43616 33365 97978 44288 57427 58774 10025 55272 75872 3640 87726 98022 64070 31535 19114 30025 36635 85108 69667 86317 91230 7651 24538 6199 15486 13419 4259 49169 5727 3377 42158 41173 87548 17462 53625 74920 88742 33520 31992 8170 25341 13983 10050 47237 32841 79647 86272 2348 98046 71588 49492 97449 10870 2073 16336 87461 67428 40775 42998 53845 97485 44678 48888 94910 58977 27692 84100 98780 19399 21274 35470 75731 49631 83723 17761 56376 23759 35067 74524 38527 1072 34343 93653 82357 10204 36636 86318 75709 26243 23492 96264 93078 19482 5432 4488 45413 80 
575 228
27483 14207 40225 12157 20591 75284 28490 94279 46759 73270 79494 62342 25358 3981 27026 2471 40590 74058 58926 81552 4845 78759 47757 83449 35117 28321 16422 9043 38927 2503 79944 25047 87397 78304 92939 21816 99801 85506 69868 72292 54029 63934 54422 71918 63879 75468 70473 69558 70310 33963 7926 67303 9486 37464 5115 54081 57965 83337 85649 98543 35723 55994 71601 64161 97480 57817 32137 63232 53653 52396 61644 89948 56254 48301 75100 50537 93435 33264 62078 44777 63340 95322 85126 11996 65054 15970 20664 57410 18266 67035 13676 99756 50199 69483 14381 29379 39315 81777 65458 9323 68335 61018 33359 81981 23140 15878 43879 43505 11203 92510 61426 23552 1837 91460 33651 33535 69776 17535 68726 55790 10537 14295 20420 11453 90482 26940 95366 65291 4584 37455 10154 81107 19610 25864 30815 98861 52933 29649 48235 46607 63395 21005 31495 62866 37259 18503 50201 19097 84175 89635 75012 14835 16516 95564 64787 87527 96771 85154 3812 68681 57481 60234 1885 29102 98093 27237 39835 25661 23600 34680 13573 81077 34844 50996 34320 35845 82384 47589 57871 59255 70440 33106 1231 33187 38200 32510 96967 30210 67456 84913 88365 88103 9734 18478 32253 91524 52295 50132 6819 35351 54321 21598 13622 8654 61151 98739 79759 97418 20658 85054 95620 55873 71258 98305 16106 47475 63532 99571 15170 22252 98932 22755 68834 15563 25576 30646 46301 84527 
571 224
49586 11226 49998 23999 22397 43342 57907 52762 76554 28421 31174 40984 81066 43735 59708 19398 46856 4023 28399 73566 52003 99891 1484 2742 60737 23679 80283 50120 58376 85861 93859 65241 62872 98264 27142 82373 67162 12223 80803 97031 50218 69144 22689 20936 91046 92813 65339 95957 72258 57036 58529 58152 41528 537 46738 66219 8921 37836 74492 95476 6507 50574 52903 85905 48094 45178 56766 55353 68701 69966 27611 9359 12369 65783 38994 71050 23974 66638 75212 66809 74396 45351 34626 92382 45585 29822 31248 91771 49747 66591 48123 38746 99002 10220 59796 21640 82719 60204 92180 6860 42484 52958 29813 28279 42761 9331 3364 76673 65925 71821 88440 5214 91247 95658 21134 82849 51365 66873 11147 69977 23362 90867 57536 28652 84399 77771 68617 61659 96154 10832 70098 6474 19963 40289 5630 29784 79417 21343 7817 35546 63214 90815 42776 73912 31314 93953 53477 68006 37602 90882 97924 18833 5353 39408 39498 71865 14804 90164 93675 53910 41114 63312 89095 8206 52477 11652 95812 76676 29547 1402 84070 24589 51620 61632 69312 45729 6743 59236 27180 96218 80612 80184 20226 90998 39061 87573 6490 70841 75520 56586 32855 60253 45915 47277 30933 29967 79731 26654 64594 85017 55876 47341 66881 29411 66363 72117 33392 51732 23613 99749 95399 44522 25803 7834 33089 17189 76411 36114 93014 48674 89320 4202 81729 63070 
615 210
73120 64635 74501 31637 72857 48703 75160 76095 77705 77309 53137 18683 91950 11111 9434 98077 36743 82336 73405 15766 898 64092 55246 70708 42792 36241 90525 84205 15006 65627 52810 2492 59161 53960 80654 85931 15038 29235 54253 10654 12549 66424 67288 18614 12501 9575 50785 37342 13745 38361 87954 45440 85991 34051 22013 68238 36227 38811 8710 23460 7064 26497 95051 35452 87211 22900 46674 64256 10894 22026 36686 66122 79637 21668 79714 31970 77010 58609 78140 58569 48000 84580 9860 4931 6416 42373 27411 83184 40209 4713 56885 54544 26757 26733 50692 55646 8426 91933 98933 36338 20086 65386 64184 34110 97882 44999 2167 12313 11069 98791 83908 93599 31194 22843 93815 13098 48460 36940 26075 33801 14136 58502 84539 30276 6258 56782 50474 89247 27166 70747 60876 61023 21752 17200 69714 54500 83207 22725 3889 85926 90671 30046 3836 43888 92762 74778 45361 36090 10689 8822 67523 48466 73667 48277 26136 87188 8159 85173 93989 46929 58763 90615 34742 3699 38559 95259 58629 98066 54645 33521 42952 59744 76705 7797 95907 73461 37254 60690 96237 59318 92176 4752 47283 26772 87618 3073 54595 40522 26436 93551 74203 73594 39810 2084 90847 25895 6117 49326 63973 41103 10194 54711 5634 87035 81882 89640 17483 39485 12958 44582 
207 166
39542 44055 28842 89455 35185 41180 26391 30340 52135 48909 98293 40807 6900 18876 65817 29173 91751 55551 41615 23607 48647 63317 56465 86412 4642 64039 80709 52622 58620 24588 84448 81966 58596 73617 97647 27310 74602 35964 99786 67412 89918 4353 3031 6826 96567 31254 36767 22237 60825 24399 35415 3648 9027 88820 67670 56973 32854 75147 87715 33568 76487 32265 29811 60681 28112 5628 97214 86743 86257 97035 71914 26449 88690 92534 34904 10935 67062 28409 28711 57093 23328 48058 83807 71547 89639 4313 43714 93231 89347 94398 83550 22474 94776 514 64985 81641 55358 85545 42885 48420 83145 60656 34876 33705 26394 5166 54288 48680 99318 73686 3488 94503 37693 36073 26706 51321 48017 66171 86580 18541 71472 25401 74692 93646 53797 93904 61350 66617 22235 48448 96388 80119 25133 68303 79440 13871 68009 43180 40184 37557 74583 63758 63635 23739 27308 8652 30223 39073 65116 80711 56539 23986 82756 83735 38187 52966 53662 79284 77378 52348 80423 86960 95622 82960 39568 13126 
303 90
79912 93375 40991 99874 15802 2952 98942 15714 58850 66345 29478 98732 34495 32879 62179 41061 42229 68669 63986 74207 56867 63569 61449 69747 46452 64679 3910 53751 58660 30311 38494 33509 83503 90073 17366 24346 7225 36139 97409 51149 32884 37475 5301 28008 57844 7510 48517 66233 1948 89661 36262 45342 52284 71558 28436 17359 58288 34297 67914 21845 92385 42903 20766 7417 87296 85095 60953 61201 36973 64441 28268 28042 90787 55248 17979 73443 71210 11581 53988 72925 25729 6695 59902 54128 4755 84714 63385 84730 55961 7638 
542 168
35347 88561 55533 95150 56559 45022 59762 55864 4977 11057 45358 52927 46587 82521 20704 32390 45945 57264 79350 3283 86821 65410 75780 63995 69571 40356 30227 56841 79362 58989 48 3120 57581 67698 92843 72134 80599 75300 2804 32539 84567 52649 54879 22818 68867 26736 62127 86562 42869 41816 48424 18264 84135 82586 68421 60070 74234 90018 66961 70767 8276 84034 41238 31712 41616 37689 5675 43548 55693 40405 9774 17811 11319 19727 20143 19848 90676 3288 88673 14863 88097 10661 85871 56047 19319 57289 59909 10298 47022 63492 57842 51547 57270 4551 47519 42482 63920 41225 72036 85862 16447 52423 17786 84799 87425 11491 6773 18703 83899 31809 55650 50145 35333 94342 32460 43526 25026 55414 5636 57496 53868 68134 7882 36938 87316 28349 57464 61031 36729 51511 97316 1729 84265 84073 76468 49025 14930 41295 68771 67967 57531 89389 75233 27885 64371 15385 86423 14851 55567 93589 806 36760 84222 4116 66162 38428 94200 32951 89849 75600 3590 70212 23959 39320 45172 67299 82700 93264 
849 81
26227 94656 20730 68656 27077 47553 74715 88906 73571 50548 89117 44003 38244 46879 91128 63122 27806 78661 36565 63962 47168 32502 57136 72298 60543 94495 2028 18402 86507 19364 27029 26556 78697 32737 57098 30416 1933 49524 73206 24327 46443 7683 80424 52378 23838 88215 14137 25629 35065 49216 62951 36445 67001 46779 6077 92628 57780 52081 74035 64628 17199 71100 54765 27147 93972 20387 19252 27064 91505 45075 94193 22329 33262 80052 66770 5462 33873 11160 31297 20639 12994 
482 152
28987 97077 34854 63062 54018 41780 43755 73411 94198 35618 89748 23072 29534 29876 83574 22267 53686 3968 88534 60066 14578 12781 33701 11673 84172 64102 40338 16769 46400 77965 12024 89377 75695 21774 75116 21794 40224 80481 73323 76939 33717 79945 80123 71090 35022 23500 32423 85460 99046 80604 55520 88458 58404 12475 39684 25809 64310 99330 57989 18761 93522 73857 69867 84667 29428 8858 56079 24106 80936 68986 89235 11092 62334 15524 59348 50484 67804 52812 30408 25616 99940 29957 15279 64516 39209 58872 58032 1695 38757 41323 95949 29819 89048 59665 57512 28138 25266 96038 69146 60874 58329 63672 17970 20542 77200 61130 56594 54466 80815 95759 98055 9618 29068 13458 11964 9854 18693 48089 31788 34274 98259 26720 81034 33515 11871 12152 42222 47978 48906 40883 9921 62137 91943 53755 24272 67108 68988 12198 70933 17474 67834 60292 52863 68448 24663 85010 62408 27334 92587 33195 34441 63574 
168 136
31811 67314 18638 85355 20682 95920 52736 67119 91730 32802 64859 99531 14512 69502 56577 2243 93905 76389 94956 55850 52580 55113 52121 39658 53794 51308 4564 76177 507 21910 53224 38232 43197 82510 92118 14781 21647 9585 45976 3496 32766 2899 64389 74251 58934 32255 29487 15010 53610 89272 30867 67079 68642 35794 92161 4716 32173 58551 56009 66501 65589 98424 96535 94327 69829 72973 17325 2026 42660 20459 19609 77447 34957 52037 85584 17910 37797 25049 61149 75191 63539 35682 78089 15830 40319 2358 75311 40433 62357 52794 14032 68811 9542 95225 56543 99541 83314 25761 39143 70003 67888 53372 22572 13349 55158 57698 89395 63307 69226 79524 71529 4219 79934 46180 37786 28214 66655 4741 79130 75379 73663 10429 29293 69291 81893 46494 34184 52113 85908 86287 19632 74613 59674 89296 67750 66155 
693 134
60467 30684 41089 94340 12319 53365 12266 30795 48289 17224 52832 56918 80884 5360 60175 65521 30820 55176 11211 23668 34691 33369 66512 52773 82260 82467 66330 14043 98906 57020 75524 58633 53292 61414 2504 60327 87503 62239 71761 1205 58080 74155 55327 20824 15965 96462 58046 11274 9009 67235 66064 37676 68154 99576 8238 49212 85744 14917 20757 20583 10722 38194 89362 9606 74536 27815 13155 72048 2796 65292 34439 23252 60682 85163 49179 47203 50796 36625 20687 76111 70382 69297 4160 42924 41444 77227 63838 30026 24881 85916 82690 76471 45681 96339 8933 84453 86304 59543 2650 26980 83832 50769 21390 39707 75338 36720 19985 1246 97042 41753 93993 93094 43868 90534 14183 45726 5134 21524 51919 78558 76591 90395 67797 94630 72883 94293 2895 15291 66184 2619 41732 86937 77930 95614 
287 128
29838 98323 9965 74733 83956 99468 43785 26991 88198 84825 70709 39026 57540 16276 65283 62664 23075 17174 6939 79448 53116 93572 69041 23727 18616 65462 36084 34710 83291 7472 53749 47019 97529 83110 13247 80781 39010 12745 9076 27473 73564 72011 64273 27209 1009 89864 79618 24774 62117 404 80567 33655 53044 64663 87116 91900 78433 52354 62406 96943 32988 12241 94809 77922 26629 53913 45968 77821 74513 71578 72192 28102 70236 64936 95022 47021 52848 84382 34587 85954 59372 37452 65996 53530 15777 45788 75360 49562 92277 32526 15381 85783 55134 52154 30562 97528 49385 86459 79241 6755 98526 87293 55543 48013 37025 42522 94941 41268 33884 45312 95932 51989 39117 38658 10329 67830 89488 40683 29597 92879 73851 28947 43474 36881 83203 45401 34122 45419 
316 126
75062 34616 47273 56212 7426 87306 27590 71260 48810 32542 8676 72022 31953 41167 94497 98893 60397 96728 33556 94807 3179 84755 43744 77214 48088 49335 66694 77059 85097 45887 26928 20489 14244 83034 74530 28111 83915 45114 32457 96259 75078 91318 11097 40476 37633 1333 44132 54607 73761 62644 70737 66571 49042 2659 79996 20740 4095 61631 11253 18495 94774 86660 2640 57317 79323 54039 9794 16725 33313 81105 58413 21621 52935 72445 32462 38922 7152 32506 88578 32913 81878 76449 40043 1910 36348 52101 53297 50445 38193 89781 79359 56351 54001 27335 18096 28442 29640 55024 76573 37133 8446 50413 52317 80375 87682 59102 77494 86685 6539 41902 61658 10299 23895 94703 84170 70723 39973 56828 3612 73265 92513 72918 11938 84200 76779 37184 
351 56
60332 28604 47628 59299 67521 53314 50717 25170 48880 48199 73737 6952 53995 83923 68029 91719 97710 26362 82474 97405 761 50997 83129 61762 55733 34913 41708 9922 89227 60227 5440 36700 77025 36359 13027 74193 73390 5594 38769 12265 77137 69259 21193 76127 26717 21605 58928 51332 33759 92181 34914 29660 33529 74020 18786 15078 
810 50
97134 30964 58029 70953 74506 21113 90287 96001 56065 30829 77996 21369 25844 36889 65180 77613 82955 7999 44031 23172 92291 50307 26350 547 55334 77485 24500 2809 31487 21440 18767 83824 11266 79198 88662 64409 76203 14102 1172 66782 13792 86566 2637 78143 82592 22794 53333 57897 95077 81127 
742 80
3116 48188 20943 9003 14230 4068 24869 40648 26164 61710 23898 4269 87738 50646 40419 85305 17694 27435 57144 48908 10038 40878 55471 5460 70164 84154 24193 64816 87474 46448 33177 35373 35058 71754 64427 14029 32071 30526 267 63864 12890 60754 75954 45992 29074 77892 39794 17181 40721 74169 94525 42430 54208 20367 37008 3481 85547 14317 4462 64405 10302 40900 34846 57535 70680 81417 90869 7138 69477 30910 69975 18293 76132 23785 37093 64580 44217 86972 30200 57311 
817 34
15085 65368 68039 51181 39891 5755 28616 98519 5204 40921 52715 80177 7440 92199 56257 52459 49758 76154 5047 41148 74605 39015 37019 88420 48454 28542 55959 64245 25584 64773 59746 56723 19225 4489 
919 29
27618 1395 1134 31618 28634 19822 99832 43124 85651 86084 97919 66517 39493 35942 64449 4517 40093 92540 83320 82028 97746 8616 36923 49636 8743 4063 98013 29991 89808 
68 24
6157 65412 99864 36492 88996 66401 82017 73075 87322 37454 85733 10911 54129 51079 64096 45423 86964 56178 60942 78965 99258 7956 36660 20876 
564 32
7458 11199 89278 43547 7581 15850 37330 33003 32283 85407 59104 34334 443 17290 64697 28927 89657 12973 74556 50634 72474 87009 26502 16081 44833 25787 83663 88887 30209 54445 56859 29345 
17 20
45257 66431 9494 54346 58179 12761 2883 57031 68736 97155 43542 21039 64471 1375 13368 23586 40771 42214 17022 44202 
540 5
22813 21461 47601 8783 44435 
