45
936 11
6219 30600 91792 31663 61472 35974 73598 43530 89443 16142 30618 
362 194
64661 5680 63078 33471 19571 86171 11441 99888 10691 81803 49173 17314 81066 48970 24076 74011 66927 63533 11327 44005 58850 99765 20017 76871 40665 43490 78104 44570 99816 5106 21529 23887 50636 46998 98340 53310 92588 31596 35071 7244 7692 47139 9601 10009 43984 32721 71069 39752 27147 51256 43246 21603 57528 37630 38185 54430 38100 23410 52735 92634 71716 60734 61209 49784 8825 9433 65543 13166 53711 35750 74431 10601 43649 72107 61475 77266 52007 14748 15117 92311 50196 9852 73882 46870 89019 24662 89651 59753 14739 42461 25214 41323 29944 86819 49230 5678 55887 34618 29292 50898 31323 40305 51552 80716 66479 10709 7050 76449 69641 11004 73755 3174 39588 16664 68866 62532 31319 51412 57179 68457 48401 14116 81147 54961 69390 21861 70628 40640 48073 75405 62980 34480 41884 30802 55983 41769 686 94480 50053 28631 3747 24485 94142 73846 56483 63052 38183 71677 77799 46905 39691 35464 31804 57536 28043 2652 70781 75324 87762 79110 12184 83058 63679 46106 33647 47194 34896 50372 54671 67741 13251 93196 53829 33731 16942 35394 76110 66552 52702 83317 70554 2249 59733 32825 35925 74456 19623 88609 21311 88938 99203 24564 20099 29786 
325 380
6419 93871 12099 55807 292 56977 75075 30964 8287 54730 22981 81419 17689 96165 55834 63743 82885 85057 64096 42769 95917 19491 5837 26207 10289 39019 42961 4112 31001 2463 15005 47401 59648 82943 16665 25733 21200 56841 2291 44119 7921 60213 12761 51167 273 54439 26677 66512 76840 87354 23797 65100 98856 16187 37956 42494 12973 38848 56509 27816 93225 52195 18013 24690 89340 35439 91590 58949 73994 50149 27725 71215 74183 21735 58493 60551 95590 25603 3053 51788 24585 52274 71009 51581 3567 39013 88028 64389 20680 16029 60605 19379 77578 19435 90926 87873 41200 49362 92100 53399 51309 987 40807 93226 34836 48331 11887 89362 28613 38775 35392 58667 63197 58666 61722 18169 67236 46823 40405 58207 76102 90603 2837 85357 16882 73718 38720 16628 89704 25237 61224 15738 23913 47178 60342 40617 18150 23666 20143 62815 18549 47883 98173 41957 63955 88050 9080 63192 35177 17331 91817 21060 72817 79001 78256 81252 5468 41353 70991 2441 96757 42584 24067 16480 82566 6518 58930 31460 90759 20025 98062 78822 7229 3983 40751 32940 35192 71070 98270 85175 85173 51264 48328 95030 93691 8816 99381 67303 22209 54351 3152 64357 25498 81914 37895 68651 45718 16443 32079 35128 21518 36313 57187 68995 4162 44085 82221 45919 47078 95493 63907 85034 13679 36658 94683 4219 88911 46299 43046 45606 29713 46051 42225 53101 22351 2659 69888 93648 18789 76787 15826 12978 79707 97044 2876 81931 66197 95012 65038 60834 22388 28271 25257 98111 94499 21602 76410 93934 80819 98257 35356 26416 73725 81722 60998 83535 42906 2901 99695 3084 81058 81628 30617 16411 14851 26372 9650 14214 39574 41218 89564 80349 18628 95038 55889 45209 73868 19981 19710 73451 98648 7608 1877 10486 73195 52561 81159 2923 79647 48301 56045 36003 46261 64698 58084 22781 11026 70960 62552 31984 55810 95798 63097 75998 2417 83674 52112 97603 5440 45583 60607 52095 50871 74414 77511 82757 387 60654 68807 75353 80662 9797 13255 40221 21045 45355 98750 97292 78756 2827 70319 51612 80004 36908 27178 73625 2178 26850 92727 37512 30674 37397 43677 99442 91725 32094 87823 94569 96984 21521 30326 96539 93371 92748 29477 93677 93107 1491 24516 74474 18463 31931 80024 63257 70669 27315 83509 60211 15751 29400 56397 40192 23011 82341 34560 71607 77326 79062 35473 1310 
614 372
1968 99787 88451 7894 42329 52301 22310 65442 41120 57962 8244 12330 6753 90734 7631 99832 49098 27417 34648 24366 65371 2952 21019 23268 83014 6076 5983 53960 80932 59413 25329 59931 51864 80309 73333 70843 59156 69664 35491 83646 97611 62069 39709 41180 72254 54376 43596 30822 96845 43895 28160 66208 69315 77270 64588 82086 76490 13130 47685 95706 27506 8238 15976 61546 80651 42688 89110 20757 38818 96364 92447 99374 58238 2351 55643 28021 94009 48663 34000 8426 2796 53622 90925 57577 20 59614 25395 58460 13884 90060 41733 63375 81904 90174 24597 68290 56406 91931 56408 30939 63302 54747 62388 91274 42788 96815 29123 39456 5094 33896 56629 26742 72928 63678 67971 6928 61730 88877 81209 42784 30579 75755 72256 47573 54192 56490 16503 12080 55220 63002 32639 37833 3882 33478 55574 65752 72568 4963 35522 70020 31608 84489 21977 34541 95665 69648 85144 87388 32831 72948 68134 49299 31007 8009 4274 87726 77616 48251 88169 87506 36669 14427 76475 44861 66291 56079 77824 54661 65864 69134 58596 70827 44215 3454 15909 15441 24766 56277 88259 9654 62152 91062 40743 16670 21140 27394 74236 76079 64067 45499 53521 58038 93330 5417 75492 43585 90040 25407 93619 4707 73073 6188 309 91391 11961 98525 96341 59184 85510 44170 5544 26855 44299 1370 94673 410 41216 31565 27153 36947 94100 81579 42251 85347 36183 88744 90090 77207 78964 82603 99001 90674 52144 81323 96445 14935 98785 24985 42428 54481 2778 88429 3990 58555 29672 90318 66708 10583 11635 60557 23140 35012 17953 95459 69055 74888 7314 92990 54807 95466 44318 71162 81572 72259 70396 49066 45111 60027 18599 72278 35970 85075 25563 25281 11632 3604 61397 30160 65844 95078 16435 19673 85612 94803 37842 62782 6780 98256 66851 96329 1633 97225 75542 42309 82832 3854 87843 91081 4343 51768 63219 32947 83152 84901 87623 70227 84382 46162 75912 57488 23528 9010 70540 67806 34180 90257 5920 66157 65158 46225 35668 1086 94439 14296 53532 35544 89979 69936 88341 97196 1143 86962 83751 96220 5499 12877 50542 6782 67441 60421 63223 86804 5276 28042 12792 31437 43382 41472 14810 34071 46824 4037 66310 96652 50216 87642 24258 41928 87710 28140 64026 50065 48025 51811 31402 30349 47130 96506 50602 16527 8360 88194 
447 321
81102 93243 45638 14221 24411 93743 53484 17670 86206 92735 76860 19937 94785 66916 76356 69761 38361 97850 51280 72424 25427 58573 83932 65980 15112 32239 20162 65283 62243 72514 60682 63252 93796 87092 64533 15702 59856 15450 78089 22374 25786 70139 46242 69113 32301 33590 60658 68666 11163 81835 72588 29887 95157 66206 95062 22756 91731 58923 33625 76579 81061 7536 50128 97247 65115 48023 64839 47545 33054 88718 40641 11569 86942 47434 20465 97393 74895 59701 26474 57783 17295 46245 28820 23296 94849 26134 90642 40311 36158 74852 55421 37830 61301 721 94772 19020 70730 79939 38620 13131 78904 48080 56528 80785 65519 5707 33331 62871 15503 2696 923 34304 32420 36864 75930 38514 45530 74552 93 10344 95595 63432 62200 34622 46774 30888 60341 13261 98311 29537 9033 81475 52296 84120 23485 48163 15433 80943 73970 18580 50141 66056 15643 79109 17398 60077 14760 30474 43267 38807 86257 38243 99003 4744 68541 50074 52602 26979 60761 42235 95825 53485 35918 2318 9124 42394 61780 29792 71536 13435 14694 87782 15234 43469 1311 52446 4886 10297 21999 4428 79217 84950 7961 75578 74407 10931 40874 8053 47776 32308 94271 10285 45935 3621 16311 35700 69354 53574 88622 66298 6639 87379 18723 60965 81335 46784 948 37419 9461 21263 51246 16145 13924 78782 90871 39186 97418 81604 32002 5681 50080 5557 94195 68084 88496 87517 86364 74907 59535 34900 47313 59368 49864 51691 29272 47503 51966 92220 78178 7499 58717 46360 42300 76811 85825 30346 97012 44631 75823 20273 36151 95323 96294 96025 29411 31326 35777 18285 91678 85453 67852 23594 95345 26451 87968 11468 53699 91125 53105 78972 44479 53160 5036 85788 23209 85867 5085 59575 67678 24128 63872 98798 85472 43183 84087 67513 31627 84555 84776 11785 51848 25736 9574 9118 3989 22028 64782 46010 11401 17150 43583 53577 67187 69521 39717 60461 30229 21778 2445 43909 51967 90120 30137 18449 97462 77804 41908 91334 32195 16932 97973 
434 362
39404 20221 552 56980 33939 23967 39860 45491 65036 41327 81509 23843 38702 73352 93946 73217 73545 9070 7937 49576 96466 82090 57593 94308 70021 9530 58706 60088 17685 15006 90380 94991 95269 53170 35969 9513 74085 45942 81626 75619 62042 550 83537 77485 59356 81458 69856 2325 59437 87540 40416 88426 95683 21137 29484 21773 37164 1851 42016 93810 87009 36875 17159 19901 84843 64738 30437 4659 28695 54879 1225 34237 79709 13036 98732 57190 73384 71552 45369 29991 29345 24467 16681 1821 60565 73286 88032 87651 78071 85263 38594 53370 39863 57572 10632 67810 63982 72215 3661 61512 97733 17927 94948 29307 75313 17424 46078 49313 41287 43814 69785 41509 20635 64553 83076 2188 26600 23168 97758 60717 12648 23676 75372 86697 252 11988 32778 27999 28030 78746 45441 96345 83929 79810 74675 45962 42269 23029 17325 3687 49443 27361 37286 34823 98246 81577 26593 62981 76394 83009 5116 18293 99150 17998 38834 25944 48455 76196 19804 94730 70890 61767 72766 91403 6851 46844 76381 56047 54535 22509 21902 30224 3731 93214 14756 58856 70293 49257 30373 24428 39905 50016 80389 7819 44970 86353 63399 26699 33371 85864 90671 80877 56729 6441 92866 3339 15993 92603 38616 13520 96287 35441 7411 48548 19210 94287 84462 80803 15352 12129 99272 75628 61530 94638 92248 97068 1379 39734 28719 25975 34658 42206 96955 26157 82972 46529 5115 21675 83166 13722 92193 41740 32186 29993 26302 51988 27667 9818 80166 31934 62794 71459 95907 74507 87998 50409 60952 20134 84054 68943 66939 8095 72747 49095 36363 31166 42063 9418 6803 71846 3321 89853 94620 51431 99924 21321 60438 60684 62250 69138 30764 9135 83284 13555 74521 442 30103 45796 24633 7358 92870 59941 51496 14299 66925 94992 23530 54217 44467 99769 3861 92541 79474 67624 67705 88963 67719 45414 38582 53659 14401 32540 3168 12880 79456 87087 14436 4890 52993 54991 68756 20816 64269 70891 98998 97898 87982 9051 84870 24578 52914 89173 58071 34719 99356 76799 88022 74299 48015 54556 58523 85544 48010 3668 30512 16959 99460 93274 76341 86318 19679 20412 86597 31468 27881 81936 5588 44709 76409 733 55633 97420 66976 75757 36581 70862 22246 83386 95247 44359 67996 76050 
920 92
11460 50500 59098 82447 89612 84315 29644 78108 84095 23645 53644 6341 42571 47337 81257 53748 94917 31305 85663 60722 40498 58660 73036 35101 12745 34531 41825 46781 80077 34676 33344 31088 94609 21322 71825 45680 64845 82741 26595 67168 12399 80113 6340 89622 34889 31430 74039 99836 89616 16902 98625 37779 578 23516 68795 45408 95709 12097 61185 3665 68496 79128 79124 89903 97286 21528 89011 24093 1170 31138 9978 63298 54122 3623 63389 32687 52117 98304 75520 71975 95939 63310 38649 82397 71875 22661 40394 19795 34173 38532 94802 76689 
598 346
11412 45258 29857 32741 80328 6765 38952 36754 12308 30711 74466 44003 63215 14674 35981 65616 88749 43115 32390 73299 59564 72902 95381 54094 29601 65239 61067 23695 53487 63122 96182 79187 67930 58298 48933 63995 76482 78687 99637 40004 35999 30225 64811 60358 2616 85706 66789 99516 66102 53893 32475 29943 99596 92505 78148 40135 70380 99690 30679 74200 70907 91327 96060 39141 80323 70726 36330 8676 67255 26497 20669 47794 23446 84261 60731 47291 41720 22610 87174 2471 51242 17107 10484 94181 1545 98734 42659 87950 86377 70580 74335 77816 22645 90255 57287 55175 70478 17185 80424 2447 44323 4922 6072 65634 20778 42373 11219 81265 50824 87825 89634 40209 27821 15590 82535 78249 2916 30867 45468 9828 55693 13891 28049 68962 88977 59417 67208 66761 94161 28730 36513 33055 82896 55337 88420 75649 43798 69605 12267 12610 26928 8134 47202 34944 4984 17213 82665 63286 54311 33457 22020 53369 65122 94253 62325 16669 11324 26362 27403 59079 6481 35815 95749 90817 3466 32625 4551 2174 84523 719 85585 43459 94507 99541 54173 79170 37893 68753 6618 26737 25900 39325 71251 86607 4871 95121 32800 84396 28037 59520 83093 79382 20789 21029 13349 60715 88322 68974 65420 44915 84871 84513 4143 13942 36533 8744 82802 63801 65737 14784 38009 31576 36082 44634 36409 38273 5002 77085 15530 10881 43133 54396 83998 99059 20575 27918 64100 29673 85886 30739 59547 76756 64401 59512 97791 21379 12444 74544 30899 52629 38073 12595 88730 51590 60314 71790 74686 27665 54527 20016 1654 5407 5758 11823 67175 87353 96377 55697 32137 44604 65744 90849 97817 4673 15039 88897 14737 24960 80836 40803 9411 96146 35701 85296 56850 21821 69646 59090 63633 45845 12398 7302 54441 77734 99328 3933 57858 60349 45580 16193 88272 77556 51040 69073 7253 83697 91878 70249 3653 90660 70837 26830 69125 7767 12874 35205 18066 62886 43571 28344 60313 7282 73795 70805 91242 49449 70271 92918 38128 73445 26838 83248 82269 19797 58423 96829 46056 43734 54496 24057 86436 25322 80203 89684 90435 30237 50850 1948 16056 6202 52935 87785 14338 44731 72199 23138 
934 326
76904 75817 5317 27888 44679 41228 52059 94120 38260 30151 65789 49080 10288 32945 92602 39007 61114 11007 46909 44828 81651 37143 31867 25772 41139 39839 34346 59405 62298 70881 16841 2462 28216 42703 46994 8129 73311 27577 14175 93102 60805 2977 96434 66483 84775 44548 38601 14734 74729 67820 38402 7671 7191 12312 14508 97713 21240 9617 96844 94265 89648 89451 57111 46069 81970 58272 43210 88997 1151 50071 10626 73288 4175 78728 71518 24189 93503 88177 58587 98034 64381 99223 61744 59124 7514 50750 34931 41210 61418 54968 38795 3819 84662 63485 31199 67812 94069 58328 81782 64343 47761 62861 44995 7678 64347 33097 65990 1807 10855 6037 76740 10706 58197 54541 51615 68411 67333 79756 43111 71274 79609 47890 17983 11120 62322 3643 63959 57713 32470 74683 89386 82282 54891 54257 23601 60878 75309 31061 29559 23337 97583 61989 50143 63944 99013 94827 3849 60954 64354 48968 33591 1792 52049 35113 31206 1412 11062 47985 67655 28368 16939 24935 36480 19200 2626 90203 48747 39432 27168 70260 54111 16684 15183 47930 52948 51446 28081 57090 74880 84711 94046 3972 30640 23873 5309 67813 25136 86344 66229 83861 33626 84958 19498 23136 62281 68579 23184 23964 8155 93247 99705 24923 28908 22836 76630 43244 88134 75734 62524 862 27228 52094 23285 1906 30625 18524 1880 80416 35888 36957 83511 22641 18374 91016 25992 11696 8194 173 77280 15424 52000 64362 52042 15326 74885 4935 50089 31279 3536 31689 17162 35214 3092 18685 41682 28424 21576 84981 52277 66365 23033 83073 16202 62724 50988 35979 92887 10859 63984 20767 9815 62380 22840 89667 19760 46996 30152 43260 43848 21458 6959 5874 18217 86105 41700 89346 9649 94555 47165 49909 30884 15266 44136 78105 56709 36083 1352 47764 31836 14605 56900 67575 11402 78971 40273 63483 85369 20157 87882 19973 37510 5805 14616 74811 65656 83632 41448 9715 22663 43983 47907 63504 75944 54778 37781 6853 6817 36288 81978 50879 22371 37871 70755 27819 51840 55129 
479 160
6100 72857 38014 21103 68039 75160 66752 5070 65341 46424 82336 52736 14847 81945 12677 4947 34659 69137 8713 55531 5487 14689 28638 89354 35996 52734 74199 22036 23174 25939 17154 10207 23871 10887 86901 57144 20404 3893 59807 50634 33069 1464 98824 60481 18466 54097 37342 60625 12439 54937 59708 72946 18818 83522 60335 7125 79500 15383 42843 69506 26037 60613 2033 69149 9597 51023 21718 7700 40771 39378 95770 35180 95566 86329 89536 16212 78723 45616 87591 60284 27150 30132 29701 94224 92616 49258 47675 84457 49092 16905 94950 39328 66501 34953 79393 72262 20998 23679 33614 60005 97274 1220 85917 5585 17464 9160 46124 75282 12816 69739 59214 83737 96544 74090 786 2919 74035 55605 15915 7336 34164 51479 44242 12165 70747 35002 92636 94244 57699 58147 97194 18725 80127 33592 46919 18023 48078 63026 47519 70073 72592 42175 27838 96178 24104 81801 76555 35753 97564 84568 79881 64555 40979 3272 27199 16884 69252 44943 49591 88666 
478 159
48241 74525 11613 44394 54764 55590 19335 49191 94364 9809 85733 40006 58707 86963 52713 7897 94279 65893 99747 29017 79412 71771 86260 59319 50475 79767 61872 60111 27634 29705 507 58661 2287 2490 29197 38062 27210 4916 60885 12696 10454 86106 22382 51354 86060 51610 45505 11853 6401 49504 18698 21998 17766 44173 40754 15753 97540 34897 65040 5195 13193 46667 30051 68565 4190 4142 87093 64977 99466 94945 95102 72250 16188 26326 31659 61718 35794 44497 54773 75879 81318 56716 54562 9850 36079 73570 73323 82490 90286 31127 43998 99686 72166 98312 979 21504 23414 79210 35628 54345 56770 84043 72505 77107 78347 1829 6459 24964 7317 10690 36090 563 3896 26334 22561 81046 11618 19722 64990 58237 35390 91223 10735 61278 5139 34412 61775 95093 89204 78719 46481 80089 57349 17794 10152 97785 16173 88181 56077 64071 38909 61781 45127 662 51924 69404 96065 371 31321 99304 34446 49330 24316 99125 94225 50711 95746 16931 36983 
292 141
72580 45936 79919 61654 44131 29205 69680 94707 33207 83980 25906 72012 52675 5496 15676 81747 2589 35837 16895 42760 61750 1061 63492 51983 30217 36720 76424 17064 22303 59089 23396 68993 79073 17613 13020 4266 10278 35458 42883 67273 19469 63480 73412 7874 965 95338 65208 95133 92189 92993 53456 49525 48344 74377 10400 48597 80458 73503 14452 4679 39170 42901 72311 41557 79597 82934 71226 92122 37221 46119 53799 44869 76331 88705 84235 603 14545 71291 99776 38039 29142 65654 16147 42568 69189 92155 44743 79293 60298 32156 53092 22097 7068 66807 3624 38723 1904 21307 95986 31030 47247 93928 50155 81754 22987 21865 8915 64523 78402 38629 48626 41821 50185 90662 64899 81388 21551 11749 58950 30389 20921 18027 41293 9883 8065 96381 39517 21630 52982 44396 75562 26996 26246 41321 61134 36032 64136 77874 72954 85257 42718 
569 187
53084 87330 47553 41926 78220 2996 23758 4841 91410 81065 99527 82819 39669 31712 56682 14259 54872 94570 80788 81955 7036 48750 15829 70001 58028 98881 46385 52549 31941 30414 95517 57757 8237 39292 77855 72104 67949 92010 16211 87278 15677 70244 22494 84093 91634 66091 83213 26261 45502 59945 51841 48216 83075 59804 16923 94123 61904 68658 229 41713 43112 41726 5830 9504 76678 64860 92574 71141 17710 5489 39483 88699 82977 89416 19971 34282 25187 61411 5535 35859 4973 11013 25879 31087 58522 65261 53046 62196 30916 48924 61188 50580 72663 80250 22330 89501 8448 99108 26994 50985 25078 86179 20719 39697 32990 67179 4652 18608 47028 97633 4636 7507 28459 67471 93632 5691 99593 38809 9234 49600 10830 27988 18973 46018 20977 80059 60237 32532 3381 49980 63589 14873 10446 66280 52527 9947 31525 92021 70342 77274 23342 92415 89391 80358 50000 3057 83969 59331 27039 58887 29453 94345 63794 39089 70450 18108 40889 4774 66073 5413 8269 75480 1672 72330 63262 16826 44814 69423 82130 60791 10966 31805 16689 83095 15724 81885 2548 44991 78437 9094 22338 40106 43761 17 3616 7483 35812 
606 308
27077 73120 7537 8608 99359 5996 88843 72265 86446 70216 25881 84686 74610 15336 9494 50203 11108 52308 70700 41043 32714 73411 66678 52399 59349 84526 57837 42411 42372 40716 51694 22592 31157 22669 92957 19416 85302 90399 7440 1069 29525 48895 25715 23378 41134 37031 35349 23123 19074 28645 35260 87699 23767 56016 61531 20463 13949 67752 19047 22763 97959 65472 40005 17304 71238 5840 62519 65243 80087 35734 81584 78378 73314 97591 82183 63156 47806 86294 81417 41047 17131 97602 19407 69043 78539 79448 86196 65839 28296 18187 20141 40497 415 75392 87118 92819 62812 69302 48476 27985 79273 57342 22980 57564 12276 21248 2849 54765 38425 85989 46949 40271 86044 45725 58855 85364 49995 932 96552 18768 60470 50719 86193 39505 94777 52103 39143 66770 5582 38083 29247 68049 53889 78266 40284 26985 95560 67965 86861 56802 27454 89317 41993 34283 81709 5909 24313 45135 50119 93401 72302 8827 78268 49414 11975 89862 44485 53702 3767 27787 86644 99280 78106 88285 15020 35148 7114 3559 69782 96112 52030 89437 2048 4776 15617 19658 83242 1279 60476 61380 11995 20992 6834 21506 50166 60699 27716 46421 21073 61107 27306 62826 53003 65801 19598 3603 55985 30985 75614 18011 16133 90233 22021 33632 35429 81736 73108 77764 30408 3430 28329 84659 74514 35453 11218 74824 64114 24667 52034 98237 66353 85976 61392 90304 70791 79054 51097 83268 60815 99656 27263 17814 39617 67606 80690 42307 32748 35744 89533 37615 61049 17104 95844 63797 64715 82909 61391 40023 95859 95630 93545 40488 9067 71324 44706 75228 36832 6506 65905 40511 77062 20930 89044 6995 27347 27421 44244 58368 30066 28579 84099 57668 97114 15890 1758 5761 73810 14033 29899 68517 46125 22334 40237 86910 53809 29905 58021 8814 69832 17867 42947 22196 6982 18519 34538 63903 98465 96426 98720 22049 29061 36945 92591 37402 67027 82674 7367 7180 
871 145
48755 65470 69067 51333 85860 70879 51079 37818 42865 3982 75891 55360 78388 99228 37292 76955 42794 34471 71530 55451 56548 6180 15760 97348 20949 41757 19813 13567 29378 52756 41616 49109 70707 45570 54052 92149 77171 98338 94005 16848 40138 34364 78274 99766 34850 45329 90168 50683 16640 18439 23088 74667 44838 70003 55164 54997 22650 44331 86661 20785 58774 46105 8694 81929 96320 10494 68137 63965 48971 95774 48162 49954 80085 54979 44699 89125 34345 36890 37132 18918 38190 55972 43466 96175 4208 29519 61203 60045 78382 46678 48592 38255 81984 56807 42894 54220 49438 56974 80995 80522 56122 37628 43802 99853 80460 28505 38502 17851 71824 10973 75965 531 1304 26874 87827 98146 84221 49778 79995 37526 19083 65146 78517 63871 67363 55669 51245 86408 54425 44329 37097 54861 6502 67778 2684 9050 22042 63362 176 91247 98736 46932 2781 86924 3317 
582 280
35409 99864 14318 69420 92358 48688 49766 60003 50258 16906 54484 38550 76912 46139 56478 27481 98519 78154 51912 69677 47071 54353 65240 32997 47408 88301 5011 33978 30435 19146 44658 88739 6475 2158 60960 47689 36447 31583 45983 61045 56030 16352 82510 83399 94121 56659 68706 48441 93651 78652 57246 55203 73649 72411 60827 70356 58732 41061 49812 24055 75339 65117 53731 23321 45603 8026 81022 4731 45480 68523 74123 88085 53486 15600 26757 92394 57056 56213 64399 13014 54485 55627 14022 75000 31847 85015 72718 32434 17517 91014 36525 53865 70158 75888 92742 86506 74949 41636 92041 99692 65535 50551 72670 89404 44196 41036 83312 32066 10390 90941 7657 1646 94375 11765 65763 85943 36496 52093 10398 90686 16961 63910 53267 1166 51790 10117 10430 34574 25286 7503 25094 37868 78443 73233 13091 3510 99804 34077 19975 60510 81824 38877 91609 19758 65819 52495 19302 59318 98 72598 23317 68425 89176 48753 20820 44586 78760 64346 85622 63437 33769 52907 94094 51901 13822 25011 32596 90002 4917 35723 46442 40324 23840 9445 73974 51487 34398 94469 41892 29343 97323 70864 82754 1814 86215 56561 33520 12498 43708 16499 90712 19892 93558 49857 18746 72219 997 65461 87138 59204 24275 82679 51878 99948 42462 64160 80120 27727 4567 52071 95388 85182 69192 79182 23564 28080 63591 19214 37108 13154 68451 75212 95526 90454 26333 27843 89556 5051 30317 88227 66281 72408 21474 94376 41996 63866 97083 9535 56460 38572 51209 20723 86416 43061 60039 18776 99756 58275 41890 29670 32658 97883 13401 33064 29103 16239 75819 2149 53019 82126 70634 73469 54504 55623 64487 60806 63021 13000 18167 81974 59157 48547 56800 14754 61420 13490 63583 63497 69722 6291 
683 136
55869 2295 10448 92468 79314 65368 72748 96782 28373 76923 92264 43522 57216 95187 95417 15659 37809 10219 86084 82255 28256 38894 67521 87104 23065 54197 56514 6350 29656 26829 20925 96014 8124 89870 71127 20122 4469 25423 7337 51889 58364 27445 58245 39464 61977 89144 53224 18286 51123 60648 51537 31545 14456 81763 54568 30714 2236 34225 93733 17087 86566 93305 44847 8252 67377 91153 74471 86381 97401 36376 34812 589 698 3493 97240 5253 84169 62851 75314 63296 65266 41188 62921 90640 75495 30260 21813 71300 32089 96855 81276 89377 46343 99511 82192 11457 94731 21534 50699 25058 38475 84223 79528 97882 81526 24822 42660 70854 98816 93173 31824 77927 50845 91581 80592 10214 33163 26172 78598 22004 95005 96448 2358 25213 91106 80356 25459 98908 52766 88664 12585 12475 38049 4144 84506 23659 
779 270
6157 8722 32674 89505 72377 8456 99874 48319 70714 9484 17361 413 93597 1925 10745 10654 20903 63621 36572 21132 64087 72337 57945 45910 61173 24847 26736 34148 45592 23957 85812 98502 79758 69107 77140 80392 9384 85963 25396 76316 82541 92618 20530 47396 47507 93700 88643 33384 76219 35881 30584 79549 42872 85113 71147 51347 88474 95195 60716 74827 91929 43969 85699 75373 65873 6683 82121 19604 91450 83880 70895 79181 39263 20536 94557 17773 67910 55150 24445 80373 51758 70169 59182 85923 2047 37979 1535 38442 59118 32918 16447 24889 16804 83139 37831 85600 9266 89007 14890 9092 87949 270 98302 85844 54332 21901 23688 31902 19307 43140 86218 60910 11261 79566 72883 33394 69610 61901 97121 50637 69826 20496 45623 23025 44186 6081 33789 67657 58026 73827 85314 26421 38507 83285 6339 10844 83709 22093 56701 17000 14998 33695 48394 39047 28643 86998 6147 83351 60680 86880 29933 44158 28273 6410 95947 93448 81897 15203 53161 6687 86860 71326 23508 66745 3835 42042 48317 30423 88778 25768 44843 27963 93654 43537 93854 29755 88214 14245 5269 32663 68931 61854 48139 34599 53127 89091 81232 87440 71080 1039 59277 61622 62134 21470 35862 34156 81828 38162 3749 76946 17285 337 45360 97304 67290 58475 33219 17365 30654 35600 47656 52892 49885 88922 45598 79666 79642 2335 58294 49120 39894 87953 5733 93676 51051 32178 45610 11223 56571 42377 99441 51781 15616 88335 10880 28277 35433 35897 81042 12045 98557 38133 82116 99880 94691 11626 90035 65665 95489 60424 52962 56584 24610 66422 49366 96389 14975 35787 94131 42330 17727 31960 25521 63706 70909 34818 76152 58668 95649 72344 
938 129
45622 78384 35364 98363 42645 23309 14383 77309 43465 89995 14593 6197 69300 48271 93697 68996 77830 4891 73405 33819 99535 43875 70603 27515 48201 72650 46922 53401 30934 38562 21631 52227 38156 44031 41067 63754 5913 65890 52664 41857 73642 22464 44808 37599 31139 91601 4749 85875 74249 51818 13300 29016 83257 86552 48527 46464 9575 97254 23253 82195 4212 55726 44053 87443 35867 43781 92307 17521 68383 46785 49622 66348 77056 9369 11161 95051 31012 25997 10817 62926 8594 73042 97118 48159 24592 74850 76783 11234 42582 43541 81991 17529 2168 44317 99091 81698 2334 34354 49513 60818 63139 46671 66380 19944 98941 75834 85606 20248 31136 56421 6456 77257 99797 10736 79248 16404 92406 25638 71651 56871 84482 75526 2431 46479 24218 56620 5108 67847 72703 
61 256
95736 77811 59431 72762 79777 73075 95790 35036 22849 689 35398 95311 28809 70812 70655 39157 26317 15493 75368 55072 60305 60332 87878 44957 59252 24031 45945 50676 56972 56642 46959 59299 37330 98533 84783 2177 7009 44839 99258 55497 32628 78721 33554 47616 91776 97311 57355 25622 41653 70631 46413 7041 37384 92223 20716 56342 50273 72097 70190 39990 41607 16930 27235 9348 27683 87586 14158 4836 34358 58788 57672 6510 48108 23520 65797 21166 7184 36934 7987 9043 11216 73480 76560 38208 83096 80735 50167 63865 9652 91830 86495 59422 44212 65765 96085 34833 69748 16623 77860 35284 221 16667 88179 13697 23718 47837 45396 96763 72274 53272 44413 97069 22738 97402 37159 81459 32708 6079 49325 49378 42577 47868 80609 20945 79322 2038 22083 62036 68823 96625 27866 21780 76427 64654 67607 77920 93285 41854 9097 95501 79470 39309 93205 81490 13735 17981 53751 2372 32946 14342 80330 77956 48468 74511 14439 51325 7412 53928 53249 26087 74819 31599 23702 98381 57685 62735 44515 9960 47832 49872 67409 14385 93551 63625 74390 48631 95448 55458 4630 826 32225 84850 85908 82782 64035 16654 53951 75450 86349 76869 9634 1451 72432 28602 86155 20847 6295 76305 81412 70528 75918 36139 20108 25269 83703 21222 37278 89726 40020 68738 16702 46403 94508 49365 58860 91644 39616 16063 63315 78843 38065 68755 18262 91514 19255 71859 93927 39180 557 14025 28565 38045 72238 91519 70718 80360 26799 71514 27773 8636 85966 7962 58888 36806 66190 83565 50114 7546 73390 72861 91662 33861 70782 93016 18091 80377 
553 236
88561 27711 33393 72830 11704 6991 38986 50289 52941 54977 88769 20915 89298 49226 82331 26726 65440 49319 91115 631 70459 46820 7526 64667 6092 97903 57024 1010 44512 15755 30750 22816 5175 18686 63945 29235 93905 70355 37608 72777 33170 89267 88566 54358 40875 51127 76921 9296 90547 55922 95890 28224 24971 50882 41471 75166 480 47623 77113 88925 97170 68591 26388 70665 41087 11900 59834 22458 50595 66585 94895 54950 73896 18514 58000 40239 79801 75049 94040 10302 88937 58145 13846 12323 78280 74981 20301 37034 61226 73128 24681 51052 88342 80283 86715 33847 64145 21931 8002 2848 93230 83376 50467 67234 22784 8072 58160 97527 54213 51485 99046 3332 68423 78547 53263 83207 33316 60320 26344 59964 56934 48228 88683 30979 82523 50940 55227 86560 18717 59316 5459 13978 18369 54833 17344 80028 6975 70134 31732 40932 87188 51510 39713 2618 88511 34003 89447 98226 83180 96077 62296 77658 42468 23095 76294 36391 43284 53117 33853 30612 49605 83833 4381 75496 67816 34491 99443 12752 41752 25912 76017 3365 26632 92913 84668 19476 87309 10462 28058 23648 41316 66929 90967 90238 23240 32602 8346 96281 228 84560 49411 99994 16706 7188 61577 96203 40916 22810 25341 23161 90036 11272 39065 82123 61894 55141 68701 92067 75304 62823 6452 88009 21676 84687 45660 92362 7467 67815 8415 61417 7777 80472 51260 22789 12025 20873 94351 43666 13396 82949 6253 26773 88073 48775 97888 60138 
648 111
56685 48412 74508 70543 92211 80723 6966 57775 96375 48698 19579 27717 89128 27030 93222 47431 8477 9305 30109 61691 45667 14181 39038 36157 53447 97906 26842 92069 11683 57805 70086 82260 30457 67541 44401 71591 18548 48528 8743 25957 81819 88302 57363 14880 83962 40975 6998 43956 55343 55216 73826 72092 72935 28700 23221 11537 41816 74155 61605 81569 7576 58035 26771 84629 49752 56071 69328 65572 15731 53243 8277 19394 63935 96607 13685 51856 75024 99070 98049 60807 62294 26553 24850 36751 71940 90851 17505 88382 81516 9543 47797 35711 51765 50665 3313 83990 21409 40512 25006 60430 27673 19982 97123 23212 46654 35234 12030 56950 66725 54005 69041 
259 202
45696 90184 35432 8279 4905 86454 49199 19503 33970 67493 19821 67096 80118 66705 43059 94051 6123 40398 35090 74252 95971 79325 34797 43892 70105 42291 68251 90641 53781 77369 36694 25170 17290 7781 33564 38321 90045 77337 40336 85668 65397 87503 74148 74604 82829 18579 85569 1041 40920 97668 20449 71473 67527 54916 85107 95976 19138 60122 84598 49251 85881 57208 13730 88709 55456 22593 43423 47385 53610 20614 54624 21837 26119 77483 67079 92168 63007 65109 44753 8364 61323 16555 12746 44039 12172 72034 10557 88331 13098 30734 77992 70142 18649 6162 16650 37307 84965 59991 93760 7069 56945 26225 19348 244 88717 39935 33931 22290 80843 69399 91269 74573 72047 31669 59746 52704 6315 91621 46582 67605 52738 51955 94565 51530 94206 16764 33056 63196 4623 42077 16406 12209 5382 35596 30105 13115 88946 92131 19587 75379 71951 49650 87191 83440 46269 12193 75056 76838 67050 4399 59491 36319 78235 41951 83035 50030 22891 52693 85436 17850 72903 50162 38919 79913 93084 68030 16950 5573 24051 93745 5104 65857 77784 13867 46258 69452 68368 58791 83394 52157 45488 10962 10441 51323 19811 46309 94879 435 30324 25836 63736 70252 31504 73989 14017 71610 7131 36268 48736 74694 95149 19962 
460 92
16566 48119 21891 65469 592 51836 47627 59762 16770 45031 85484 24015 98776 91537 91466 22455 17224 45423 52361 68236 70596 42988 33988 96796 75385 69324 21047 13275 92674 69396 85411 97217 35066 57020 32669 75714 79994 9285 6338 39728 18925 46044 40888 10910 66376 70275 7616 41801 6153 48792 52005 5453 52286 64423 7890 1533 43008 47066 54360 11532 78206 92278 93417 58135 46443 63244 87462 8056 62333 13394 42656 28169 27241 9137 49962 70449 29591 37689 81035 66484 45563 90705 65541 26477 93030 85371 72506 93131 79514 5860 46697 49496 
708 182
20834 99878 53080 23169 35143 46228 86727 75331 40626 53021 74733 8590 56065 3167 21344 61598 91295 77903 81550 31396 1321 20726 76667 80290 37806 34993 41046 27416 5537 35317 98279 90329 86194 20347 77394 12923 80408 38151 72727 13148 23637 7394 90025 41475 30209 35452 48532 74664 96584 92422 32779 26694 92231 48388 41375 81743 25973 19974 21807 82643 25093 44774 16136 28380 87049 4599 1979 10479 91210 24906 13208 50948 94505 30036 65216 25086 39532 54976 65804 85647 68789 71454 86161 32110 46391 10092 93740 24416 1409 88240 70769 25416 48029 67221 61449 85871 34932 542 48454 90274 5579 70022 41310 25495 35941 85110 98567 14928 59909 91852 49617 58695 93570 69323 45705 75605 52755 33082 43001 84882 39348 32306 93798 18797 97089 74176 18868 56872 71899 76862 84010 79582 91967 84167 39093 83688 28800 49151 26206 96939 98036 9448 92020 76343 8250 75133 30357 81714 71553 90569 94778 26345 81151 44128 97905 46567 49479 50586 57347 24586 57631 3761 57126 62828 39567 23179 23486 72138 74543 39244 58992 1595 9222 73325 15454 66601 8288 62564 2770 61061 25619 28849 
390 180
99960 57527 4894 14561 5153 37897 21120 94540 94755 32146 54681 90995 98156 89654 72891 87867 16246 31615 27743 47460 61714 10165 87200 51705 82684 40525 89663 83731 99324 8262 38676 12462 60914 45335 11997 54282 33764 57374 58542 50770 76296 81774 94818 46249 86505 30067 1586 67292 76918 56574 95021 90912 82683 6590 51367 38681 83272 17711 60974 18349 36398 13407 14636 96998 45929 91599 62310 55690 86668 97518 47395 49505 33951 37429 49839 85101 95129 94267 86102 74717 26684 49056 92015 77536 32389 83647 58079 85951 12700 14117 75996 52718 93153 4554 56711 71385 48697 76173 47932 34443 71988 29352 83648 75827 83809 49346 93992 93234 1571 50314 70692 40950 54429 68013 31151 56456 11054 21475 55948 58059 52646 53167 1591 93366 35726 42154 60817 63932 35708 9109 41558 8855 67576 41136 65250 68417 90386 64391 58476 96130 43275 72269 83105 44663 34449 77947 40128 45250 11287 57256 83199 91975 76010 64888 97242 78920 92173 57101 51712 49819 8231 7480 8442 40283 24893 42892 51070 52889 71042 57260 40553 79013 59924 97857 30915 33080 83097 73634 41634 40576 
623 174
13284 65937 56830 86788 49646 50573 87997 99178 26437 47642 52262 42993 78011 1603 67826 20555 25789 34712 69355 60801 15484 302 63690 87620 95418 52750 55442 2319 62125 4940 13925 25003 40134 89843 36846 87786 68965 51952 36168 41755 97746 60543 37416 54536 45621 86921 12040 97132 42341 71376 25652 80677 36623 80911 92667 40055 48577 43873 57224 17017 88348 2963 79318 57507 67465 28369 81038 33179 78007 44877 75997 46999 90619 64165 10085 1169 20092 54769 98959 33338 94761 82155 37101 75559 42857 17574 60896 60526 2503 42618 3258 4431 87397 22041 45261 58626 81829 94021 60860 59904 52733 2833 33623 51887 73901 40057 21152 66451 76244 34549 80131 80839 22547 96840 59664 5016 80448 15440 57679 39887 29084 10277 14995 23480 84984 11727 78003 41300 28859 92786 42492 92129 16596 6994 637 66505 72290 36002 53372 44279 3531 25861 57063 89703 19164 86223 27276 86518 60908 23998 58394 9383 27463 67362 91766 73005 81852 47155 74503 77967 68315 11709 93710 54673 49536 47092 41360 95614 37936 10413 15486 86997 35655 25059 
395 83
20730 10909 42345 46726 26550 53981 67278 53611 84835 51319 99106 39311 14781 20039 19418 920 3725 59000 8359 24317 29064 66625 18671 29884 59160 40222 77214 10213 13855 62181 39161 77510 8389 97080 37890 37556 91389 66937 39591 55817 19396 38559 94174 32594 4850 72109 86482 25236 17008 37852 45800 59265 95684 1468 5654 87594 84702 84403 85731 60880 98480 29150 52077 32739 94882 69699 83959 77594 5958 45232 45387 72139 10695 62865 33048 90450 79150 9786 13468 80543 75132 74615 15278 
388 164
3461 31811 44768 49918 65226 69491 54576 59710 7426 99583 97674 52557 97694 66574 63183 55977 10357 95677 99901 62365 27465 27547 36822 49290 85201 13316 29478 51399 79298 51364 64677 47226 93525 18975 58766 29056 48393 7493 71832 12451 74869 71887 17276 65863 31107 81396 23608 54998 61910 48850 26517 30475 22598 18280 82837 2761 59210 69939 6821 75326 70056 60317 81465 35610 85862 68297 73715 4489 98907 70548 13506 95186 11725 66240 58501 41931 14841 15126 44168 40259 41842 52436 56439 8681 57931 99630 13268 31535 53529 40030 49704 89840 92595 64794 22214 1541 94254 5727 625 7323 29655 18135 91344 67259 37529 58979 52882 94816 266 59080 22121 27340 38755 45795 84480 45914 50388 45604 44144 40993 69778 92285 93338 23689 1606 98284 22204 74327 19404 76569 28575 29107 48415 85210 63664 86879 2308 69348 66801 93179 92035 61861 72359 98074 95867 47393 83806 50449 61736 20080 9096 63378 54665 83403 8844 77971 54966 19113 82355 22271 17807 49999 81831 48976 
360 74
49998 47996 64329 71222 50110 13776 3400 82521 72945 54336 85961 29471 65537 82908 99575 3678 17713 39756 44006 36853 79605 60943 6449 36227 66228 25680 39634 21761 5068 90520 23921 64798 2220 64797 22040 68139 36465 726 5697 96331 26123 44419 52781 84362 42926 51185 71997 58081 56110 46463 36097 53744 59662 14459 58404 61543 93368 84952 15862 60616 73362 59837 49076 35983 28470 20214 13080 49792 89151 93584 87933 17913 93290 82112 
487 68
3662 38590 51565 37171 83202 86623 95379 54841 78192 98693 89748 26350 38555 8655 56991 87745 84636 50448 57696 32342 63402 88438 42086 60514 74882 60279 57920 32071 79998 77762 82931 6866 51330 1201 49922 69222 57434 74648 53807 81332 98564 8600 2011 41086 9720 16342 26997 95835 48691 91552 14609 89247 18622 80604 10451 58958 7318 3296 23627 2511 60384 22584 79701 59579 68702 99175 73179 6537 
792 60
71625 92713 42128 1460 35677 42529 32240 11546 23836 62252 58417 61105 1711 908 90310 94122 95506 72688 86563 72406 94544 47347 98558 37404 59095 50116 49083 6764 44597 88346 84269 6895 75357 86069 72877 42387 39723 37448 6517 63786 97770 46845 7201 65309 58369 63352 49554 11577 50752 3363 50531 72203 9929 46530 54177 19472 46945 85344 94145 63385 
409 114
76095 56212 31796 20668 77585 57217 81702 23417 76644 26615 97261 77138 89061 71675 2883 51444 78068 44857 53489 14043 91208 97430 79484 59498 36917 94911 79479 4416 1774 37566 69464 32167 95446 86700 82649 429 70347 56032 7995 71220 77904 61561 6958 61069 10958 14823 81533 50063 69052 11681 22221 68300 1095 63318 83802 72795 69238 57367 71038 55244 88829 39598 56123 61656 17338 59640 14107 61189 52658 42773 14052 62941 16131 82423 74574 78715 26446 36305 42743 13024 74465 32856 92444 81744 41181 26107 41545 26441 4372 24545 25769 39753 62334 50308 89275 67804 81176 73687 6710 81244 81784 16011 28504 8789 84978 64573 49121 34597 20044 74784 30535 46186 12477 54452 
575 112
27483 14207 40225 12157 20591 67711 75284 28490 46759 45298 51534 73270 79494 62342 25358 3981 27026 40590 74058 58926 81552 4845 78759 27164 47757 83449 35117 28321 16422 38927 79944 25047 97806 78304 92939 21816 99801 85506 69868 72292 54029 63934 54422 71918 63879 9023 75468 70473 53771 69558 70310 8099 33963 2119 7926 39936 9486 37464 54081 57965 83337 85649 98543 50567 55994 71601 64161 97480 57817 63232 53653 52396 61644 89948 56254 75100 50537 93435 33264 62078 44777 63340 14757 95322 85126 11996 65054 15970 20664 57410 18266 67035 13676 50199 69483 14381 29379 39315 89139 81777 65458 9323 68335 61018 33359 81981 15878 43879 43505 11203 92510 61426 
393 110
15780 10631 95913 82009 97453 10255 51566 95512 46753 40417 11678 87326 48021 53941 44719 79795 26167 26164 33467 63867 84293 14512 40500 66113 17959 20942 41111 74742 5264 40986 85656 34160 58148 95876 68343 21677 59042 89291 55169 78612 77108 28927 85723 99553 27633 76193 66915 55568 84154 56928 9986 55356 30973 78399 57972 73102 75584 90727 39281 741 668 31810 11909 50032 27529 70641 70214 82117 19444 30310 34950 12561 54898 82106 99182 45444 10167 53176 55748 96564 37318 60950 94185 95596 52395 97396 14719 97467 53784 57895 63569 34957 35714 30439 98397 55670 13831 42597 29206 83829 99785 82976 96250 2917 39655 52081 70109 83434 67703 86561 
992 68
2798 45917 60240 68879 49335 57228 77868 20451 74518 92904 10800 21732 37026 16620 77112 82418 40914 17996 17816 47280 74443 83527 13474 30922 95760 359 11955 95794 42470 14530 6811 76197 61604 50342 55655 58279 27808 4103 41386 92259 53178 37439 30148 41952 20375 2864 31237 10512 72006 30101 96533 37232 18375 68081 17947 37044 92378 54269 35879 26063 3275 14763 68876 75613 28937 56117 56857 94459 
809 98
12788 12028 85654 67119 73519 67649 82372 96750 25422 75021 35420 67896 83407 13307 27234 83858 26242 53236 28962 78967 34691 40671 28574 14718 40733 23756 52098 64433 3323 42106 91735 76856 9522 58171 96110 78858 12750 13368 31057 87288 35727 46605 17597 33976 57645 71852 96818 55579 54689 47909 60887 86072 5221 2570 47182 79945 58146 55318 52792 64651 80242 18507 59048 25545 58947 61071 42916 19538 12706 36169 14045 28205 83339 10190 19225 47498 57458 22772 33174 66924 90303 81191 56325 92146 21482 64396 1494 60184 39890 17801 54279 69119 14077 28117 53633 9798 79902 33687 
980 47
1399 43657 13155 32655 82474 29496 10819 36275 94783 91349 47728 82812 14930 67967 71793 18325 46978 887 50495 45759 58535 84155 75186 71877 58329 40376 77815 10141 40701 26801 2387 17168 17363 95502 71878 57740 48948 9616 34286 11700 1369 4930 77096 29527 98145 53617 45624 
96 86
81068 50246 59043 87866 14619 21682 54478 65366 74143 14623 70896 17495 14608 19179 65551 81264 72158 43974 85388 25781 44517 44086 13914 95251 68409 10708 20919 28552 62908 25958 92145 33717 25339 63942 94619 72299 66170 30627 90670 60112 41394 69759 32905 98944 46740 81081 31196 83230 73646 21390 50378 81487 97048 86501 5328 59841 38575 24780 42166 81597 67755 16043 23961 46620 77359 50251 86470 72225 73403 3028 80734 89584 43467 30 42037 79972 39166 19473 76704 88184 74205 59786 36232 85753 23974 3776 
995 41
90028 86168 43855 20943 52540 28235 4068 14226 54265 98235 98077 20618 94986 79244 7498 24376 45869 84146 2393 45644 63771 74486 15934 91597 18151 98914 32644 56550 87707 32574 2937 96957 58997 60030 77479 20526 59327 62920 96201 99908 78606 
401 33
81594 27073 51324 82900 32846 68750 43543 82273 95436 31144 87483 30720 12992 99417 60886 88039 97675 90601 11148 89058 92443 84163 94976 1512 65917 79280 75419 27913 6302 1982 89563 92839 2649 
351 26
28604 47628 53314 50717 48880 48199 73737 6952 99871 53995 83923 68029 91719 97710 21752 97405 761 69144 50997 83129 77502 61762 4703 55733 34913 41708 
705 34
23101 15550 25246 82526 15966 20442 96092 67392 45118 74639 73388 58208 74506 73672 61786 83805 86603 41612 44350 39683 76892 43076 44333 5746 75415 31667 97919 57479 35126 5749 1782 43326 18196 25336 
418 7
44905 90596 52816 47418 52754 54886 33164 
101 4
21589 69158 73877 71817 
